0.0	0.60000026
0.02	0.59999126
0.04	0.59996533
0.06	0.5999236
0.08	0.59986603
0.099999994	0.59979296
0.11999999	0.5997052
0.13999999	0.59960324
0.15999998	0.5994865
0.17999998	0.59935534
0.19999997	0.5992112
0.21999997	0.59905446
0.23999996	0.59888715
0.25999996	0.5987098
0.27999997	0.5985209
0.29999998	0.59832084
0.32	0.5981104
0.34	0.5978898
0.36	0.59765947
0.38000003	0.5974211
0.40000004	0.59717613
0.42000005	0.59692335
0.44000006	0.5966616
0.46000007	0.59639287
0.48000008	0.59611857
0.50000006	0.5958383
0.52000004	0.5955516
0.54	0.59525895
0.56	0.5949611
0.58	0.5946579
0.59999996	0.59435046
0.61999995	0.5940382
0.6399999	0.5937202
0.6599999	0.5933975
0.6799999	0.59307015
0.69999987	0.5927373
0.71999985	0.59240055
0.73999983	0.5920612
0.7599998	0.5917185
0.7799998	0.59137356
0.7999998	0.59102666
0.81999975	0.5906776
0.83999974	0.59032726
0.8599997	0.5899748
0.8799997	0.5896206
0.8999997	0.58926404
0.91999966	0.5889045
0.93999964	0.5885428
0.9599996	0.588179
0.9799996	0.587814
0.9999996	0.5874488
1.0199996	0.5870832
1.0399996	0.5867168
1.0599996	0.58634925
1.0799996	0.5859819
1.0999995	0.5856148
1.1199995	0.5852463
1.1399995	0.5848766
1.1599995	0.5845061
1.1799995	0.5841343
1.1999995	0.58375996
1.2199994	0.58338386
1.2399994	0.5830078
1.2599994	0.58263165
1.2799994	0.5822549
1.2999994	0.58187675
1.3199993	0.5814975
1.3399993	0.58111805
1.3599993	0.58073825
1.3799993	0.58035684
1.3999993	0.5799746
1.4199992	0.57959247
1.4399992	0.57921064
1.4599992	0.57882833
1.4799992	0.5784454
1.4999992	0.5780623
1.5199991	0.57767916
1.5399991	0.5772965
1.5599991	0.5769151
1.5799991	0.57653475
1.5999991	0.5761551
1.619999	0.5757769
1.639999	0.57540035
1.659999	0.57502526
1.679999	0.5746511
1.699999	0.574277
1.719999	0.5739028
1.7399989	0.5735289
1.7599989	0.5731549
1.7799989	0.57278126
1.7999989	0.5724095
1.8199989	0.5720395
1.8399988	0.5716709
1.8599988	0.5713037
1.8799988	0.57093894
1.8999988	0.57057583
1.9199988	0.5702137
1.9399987	0.5698528
1.9599987	0.5694941
1.9799987	0.5691366
1.9999987	0.5687785
2.0199988	0.5684192
2.0399988	0.5680604
2.0599988	0.56770253
2.0799987	0.5673455
2.0999987	0.56698954
2.1199987	0.566635
2.1399987	0.5662823
2.1599987	0.56593025
2.1799986	0.5655784
2.1999986	0.56522834
2.2199986	0.56488025
2.2399986	0.56453395
2.2599986	0.56418884
2.2799985	0.56384456
2.2999985	0.5635016
2.3199985	0.56315887
2.3399985	0.56281656
2.3599985	0.5624765
2.3799984	0.5621387
2.3999984	0.5618025
2.4199984	0.5614672
2.4399984	0.56113243
2.4599984	0.56079996
2.4799984	0.56046915
2.4999983	0.5601394
2.5199983	0.5598099
2.5399983	0.55948067
2.5599983	0.5591531
2.5799983	0.5588279
2.5999982	0.5585036
2.6199982	0.5581806
2.6399982	0.55785763
2.6599982	0.5575353
2.6799982	0.5572146
2.6999981	0.5568951
2.7199981	0.5565768
2.739998	0.5562593
2.759998	0.5559429
2.779998	0.5556278
2.799998	0.55531347
2.819998	0.5549999
2.839998	0.55468786
2.859998	0.55437696
2.879998	0.55406684
2.899998	0.5537582
2.919998	0.55345106
2.939998	0.55314565
2.959998	0.55284274
2.9799979	0.552541
2.9999979	0.5522396
3.0199978	0.55193925
3.0399978	0.5516395
3.0599978	0.55134
3.0799978	0.55104125
3.0999978	0.5507437
3.1199977	0.5504477
3.1399977	0.55015296
3.1599977	0.54985934
3.1799977	0.5495672
3.1999977	0.5492767
3.2199976	0.54898775
3.2399976	0.5487002
3.2599976	0.54841363
3.2799976	0.54812914
3.2999976	0.5478473
3.3199975	0.54756707
3.3399975	0.54728776
3.3599975	0.54700905
3.3799975	0.5467316
3.3999975	0.546455
3.4199975	0.54617995
3.4399974	0.5459068
3.4599974	0.54563475
3.4799974	0.54536295
3.4999974	0.5450924
3.5199974	0.5448246
3.5399973	0.544559
3.5599973	0.54429364
3.5799973	0.5440284
3.5999973	0.54376376
3.6199973	0.5435007
3.6399972	0.54323936
3.6599972	0.54297864
3.6799972	0.54271865
3.6999972	0.5424608
3.7199972	0.5422051
3.7399971	0.54195124
3.7599971	0.5416984
3.779997	0.5414455
3.799997	0.5411931
3.819997	0.5409417
3.839997	0.5406914
3.859997	0.5404422
3.879997	0.5401939
3.899997	0.53994656
3.919997	0.5397011
3.939997	0.5394572
3.959997	0.5392144
3.979997	0.538973
3.999997	0.53873235
4.019997	0.5384926
4.039997	0.538254
4.059997	0.5380164
4.079997	0.5377797
4.099997	0.5375432
4.119997	0.53730714
4.139997	0.5370719
4.159997	0.5368371
4.179997	0.53660274
4.199997	0.53636885
4.219997	0.53613603
4.239997	0.53590393
4.259997	0.5356734
4.279997	0.5354445
4.299997	0.5352164
4.319997	0.5349885
4.339997	0.53476
4.359997	0.53453124
4.379997	0.5343023
4.3999968	0.53407353
4.4199967	0.5338458
4.4399967	0.53361917
4.4599967	0.5333941
4.4799967	0.5331718
4.4999967	0.5329517
4.5199966	0.53273165
4.5399966	0.5325124
4.5599966	0.5322952
4.5799966	0.53207946
4.5999966	0.53186506
4.6199965	0.5316526
4.6399965	0.531441
4.6599965	0.53123033
4.6799965	0.5310209
4.6999965	0.5308118
4.7199965	0.5306024
4.7399964	0.5303936
4.7599964	0.5301863
4.7799964	0.5299808
4.7999964	0.5297772
4.8199964	0.52957547
4.8399963	0.52937436
4.8599963	0.529175
4.8799963	0.5289779
4.8999963	0.52878106
4.9199963	0.52858424
4.9399962	0.5283874
4.959996	0.52819145
4.979996	0.5279959
4.999996	0.5278002
5.019996	0.52760476
5.039996	0.5274092
5.059996	0.5272152
5.079996	0.527023
5.099996	0.52683187
5.119996	0.52664125
5.139996	0.5264517
5.159996	0.5262638
5.179996	0.5260769
5.199996	0.52589095
5.219996	0.52570635
5.239996	0.52552307
5.259996	0.5253407
5.279996	0.52515954
5.299996	0.52497953
5.319996	0.52479994
5.339996	0.5246208
5.359996	0.5244424
5.379996	0.5242641
5.399996	0.524086
5.419996	0.523909
5.439996	0.5237341
5.4599957	0.52356076
5.4799957	0.52338785
5.4999957	0.5232152
5.5199957	0.5230422
5.5399957	0.5228692
5.5599957	0.5226979
5.5799956	0.522528
5.5999956	0.5223585
5.6199956	0.52218884
5.6399956	0.5220195
5.6599956	0.5218508
5.6799955	0.52168256
5.6999955	0.52151537
5.7199955	0.5213497
5.7399955	0.52118474
5.7599955	0.5210202
5.7799954	0.52085626
5.7999954	0.52069414
5.8199954	0.5205336
5.8399954	0.52037376
5.8599954	0.5202142
5.8799953	0.5200543
5.8999953	0.51989543
5.9199953	0.5197369
5.9399953	0.51957893
5.9599953	0.51942325
5.9799953	0.5192689
5.999995	0.51911515
6.019995	0.5189611
6.039995	0.51880574
6.059995	0.5186503
6.079995	0.5184952
6.099995	0.5183399
6.119995	0.51818603
6.139995	0.51803356
6.159995	0.5178809
6.179995	0.5177283
6.199995	0.5175772
6.219995	0.51742744
6.239995	0.5172783
6.259995	0.5171298
6.279995	0.5169819
6.299995	0.5168351
6.319995	0.5166895
6.339995	0.5165443
6.359995	0.51639885
6.379995	0.516254
6.399995	0.51611006
6.419995	0.51596653
6.439995	0.51582325
6.459995	0.5156801
6.479995	0.515537
6.4999948	0.51539576
6.5199947	0.5152562
6.5399947	0.51511705
6.5599947	0.51497877
6.5799947	0.5148417
6.5999947	0.51470554
6.6199946	0.5145704
6.6399946	0.5144362
6.6599946	0.51430273
6.6799946	0.51417065
6.6999946	0.51403934
6.7199945	0.51390886
6.7399945	0.51377916
6.7599945	0.51365006
6.7799945	0.51352084
6.7999945	0.5133915
6.8199944	0.5132619
6.8399944	0.51313204
6.8599944	0.5130029
6.8799944	0.5128745
6.8999944	0.5127462
6.9199944	0.5126181
6.9399943	0.5124893
6.9599943	0.5123595
6.9799943	0.51222897
6.9999943	0.51209927
7.0199943	0.5119704
7.0399942	0.5118418
7.059994	0.511714
7.079994	0.5115869
7.099994	0.51146036
7.119994	0.51133496
7.139994	0.5112097
7.159994	0.5110842
7.179994	0.5109581
7.199994	0.51083034
7.219994	0.5107015
7.239994	0.510573
7.259994	0.51044583
7.279994	0.51031893
7.299994	0.51019186
7.319994	0.5100646
7.339994	0.5099369
7.359994	0.5098096
7.379994	0.50968194
7.399994	0.50955427
7.419994	0.509428
7.439994	0.50930303
7.459994	0.50917935
7.479994	0.509056
7.499994	0.50893295
7.519994	0.5088111
7.539994	0.5086899
7.5599937	0.5085696
7.5799937	0.50844955
7.5999937	0.5083297
7.6199937	0.5082105
7.6399937	0.5080908
7.6599936	0.507971
7.6799936	0.5078527
7.6999936	0.5077359
7.7199936	0.50762045
7.7399936	0.5075058
7.7599936	0.50739056
7.7799935	0.5072746
7.7999935	0.5071578
7.8199935	0.50704074
7.8399935	0.50692403
7.8599935	0.506808
7.8799934	0.50669277
7.8999934	0.5065791
7.9199934	0.5064666
7.9399934	0.50635356
7.9599934	0.50624084
7.9799933	0.50612974
7.9999933	0.50602007
8.019994	0.50591016
8.039994	0.5058005
8.059995	0.5056926
8.079995	0.5055854
8.099996	0.505478
8.119996	0.50537103
8.139997	0.5052649
8.159997	0.50515974
8.179997	0.50505507
8.199998	0.50495124
8.219998	0.50484836
8.239999	0.5047453
8.259999	0.50464296
8.28	0.50454134
8.3	0.5044395
8.320001	0.50433797
8.340001	0.5042368
8.360002	0.5041363
8.380002	0.50403666
8.4000025	0.50393814
8.420003	0.50383985
8.440003	0.50374186
8.460004	0.503644
8.480004	0.5035448
8.500005	0.5034459
8.520005	0.5033486
8.540006	0.503252
8.560006	0.50315714
8.580007	0.50306344
8.600007	0.5029701
8.6200075	0.50287706
8.640008	0.5027848
8.660008	0.5026926
8.680009	0.50259984
8.700009	0.5025077
8.72001	0.5024165
8.74001	0.5023256
8.760011	0.5022348
8.780011	0.5021447
8.800012	0.5020541
8.820012	0.50196236
8.840013	0.5018709
8.860013	0.50178146
8.880013	0.50169384
8.900014	0.5016062
8.920014	0.50151885
8.940015	0.5014313
8.960015	0.50134337
8.980016	0.50125587
9.000016	0.5011686
9.020017	0.5010804
9.040017	0.5009917
9.060018	0.50090325
9.080018	0.5008143
9.1000185	0.50072396
9.120019	0.5006329
9.140019	0.5005418
9.16002	0.50045055
9.18002	0.5003588
9.200021	0.5002668
9.220021	0.50017476
9.240022	0.5000819
9.260022	0.4999886
9.280023	0.49989545
9.300023	0.49980223
9.320024	0.49970955
9.340024	0.4996184
9.360024	0.49952942
9.380025	0.49944073
9.400025	0.4993518
9.420026	0.49926195
9.440026	0.49917078
9.460027	0.49907935
9.480027	0.49898827
9.500028	0.49889806
9.520028	0.49880922
9.540029	0.49872154
9.560029	0.49863496
9.5800295	0.4985493
9.60003	0.49846444
9.62003	0.49837965
9.640031	0.49829447
9.660031	0.49820983
9.680032	0.4981253
9.700032	0.49803978
9.720033	0.497953
9.740033	0.4978658
9.760034	0.49777904
9.780034	0.49769372
9.8000345	0.49760893
9.820035	0.4975244
9.840035	0.49744093
9.860036	0.4973588
9.880036	0.4972778
9.900037	0.49719712
9.920037	0.49711692
9.940038	0.49703705
9.960038	0.49695757
9.980039	0.49687767
10.000039	0.49679756
10.02004	0.49671805
10.04004	0.4966386
10.06004	0.4965592
10.080041	0.49647987
10.100041	0.4964007
10.120042	0.49632147
10.140042	0.49624193
10.160043	0.49616238
10.180043	0.49608287
10.200044	0.49600375
10.220044	0.49592486
10.240045	0.49584502
10.260045	0.49576515
10.2800455	0.49568617
10.300046	0.4956079
10.320046	0.49553066
10.340047	0.49545395
10.360047	0.49537766
10.380048	0.49530146
10.400048	0.4952259
10.420049	0.4951507
10.440049	0.49507523
10.46005	0.4949988
10.48005	0.49492013
10.500051	0.49484015
10.520051	0.49475968
10.540051	0.49467957
10.560052	0.49459976
10.580052	0.49451953
10.600053	0.49444014
10.620053	0.4943622
10.640054	0.4942851
10.660054	0.4942089
10.680055	0.4941331
10.700055	0.49405771
10.720056	0.49398452
10.740056	0.493913
10.7600565	0.493842
10.780057	0.49377093
10.800057	0.49369973
10.820058	0.4936295
10.840058	0.49356002
10.860059	0.49349087
10.880059	0.4934225
10.90006	0.4933545
10.92006	0.49328637
10.940061	0.49321884
10.960061	0.49315196
10.980062	0.49308577
11.000062	0.49302006
11.020062	0.49295354
11.040063	0.49288672
11.060063	0.4928199
11.080064	0.4927525
11.100064	0.49268514
11.120065	0.49261773
11.140065	0.49255046
11.160066	0.49248308
11.180066	0.4924159
11.200067	0.49234974
11.220067	0.49228454
11.2400675	0.4922204
11.260068	0.49215645
11.280068	0.49209288
11.300069	0.4920302
11.320069	0.49196744
11.34007	0.4919041
11.36007	0.49184123
11.380071	0.49177843
11.400071	0.49171454
11.420072	0.4916504
11.440072	0.49158743
11.4600725	0.49152547
11.480073	0.49146444
11.500073	0.49140397
11.520074	0.4913431
11.540074	0.49128205
11.560075	0.49122125
11.580075	0.49116057
11.600076	0.4911001
11.620076	0.4910407
11.640077	0.490982
11.660077	0.49092314
11.680078	0.49086413
11.700078	0.4908047
11.720078	0.49074548
11.740079	0.49068666
11.760079	0.49062786
11.78008	0.49056983
11.80008	0.49051186
11.820081	0.49045432
11.840081	0.490398
11.860082	0.49034244
11.880082	0.49028772
11.900083	0.490233
11.920083	0.4901777
11.9400835	0.49012214
11.960084	0.49006754
11.980084	0.49001423
12.000085	0.48996133
12.020085	0.48990887
12.040086	0.48985642
12.060086	0.4898038
12.080087	0.48975202
12.100087	0.4897009
12.120088	0.4896502
12.140088	0.48960054
12.160089	0.4895519
12.180089	0.4895032
12.200089	0.4894545
12.22009	0.48940605
12.24009	0.48935732
12.260091	0.48930913
12.280091	0.48926145
12.300092	0.4892132
12.320092	0.4891646
12.340093	0.489117
12.360093	0.48907042
12.380094	0.48902398
12.400094	0.48897666
12.4200945	0.48892897
12.440095	0.48888215
12.460095	0.48883513
12.480096	0.48878753
12.500096	0.48873946
12.520097	0.48869044
12.540097	0.4886411
12.560098	0.48859203
12.580098	0.48854327
12.600099	0.4884953
12.620099	0.4884484
12.6401	0.488402
12.6601	0.48835605
12.6801	0.48831046
12.700101	0.48826438
12.720101	0.4882175
12.740102	0.48816997
12.760102	0.48812237
12.780103	0.48807585
12.800103	0.4880302
12.820104	0.4879845
12.840104	0.48793912
12.860105	0.48789316
12.880105	0.48784745
12.900105	0.48780215
12.920106	0.48775682
12.940106	0.48771167
12.960107	0.48766583
12.980107	0.48761874
13.000108	0.48757142
13.020108	0.48752487
13.040109	0.4874794
13.060109	0.48743445
13.08011	0.48738927
13.10011	0.4873438
13.1201105	0.4872986
13.140111	0.48725343
13.160111	0.4872083
13.180112	0.4871643
13.200112	0.4871203
13.220113	0.48707643
13.240113	0.48703387
13.260114	0.48699233
13.280114	0.4869509
13.300115	0.48690927
13.320115	0.48686826
13.340116	0.48682797
13.360116	0.48678738
13.380116	0.48674667
13.400117	0.48670593
13.420117	0.48666447
13.440118	0.4866231
13.460118	0.48658258
13.480119	0.48654288
13.500119	0.4865036
13.52012	0.48646438
13.54012	0.4864257
13.560121	0.4863874
13.580121	0.48634917
13.6001215	0.48631173
13.620122	0.48627543
13.640122	0.48623925
13.660123	0.4862035
13.680123	0.48616776
13.700124	0.48613185
13.720124	0.48609582
13.740125	0.48606014
13.760125	0.48602542
13.780126	0.48599118
13.800126	0.48595697
13.820127	0.48592356
13.840127	0.48589075
13.860127	0.48585784
13.880128	0.48582375
13.900128	0.48578864
13.920129	0.48575377
13.940129	0.48571894
13.96013	0.48568422
13.98013	0.48564988
14.000131	0.48561603
14.020131	0.48558313
14.040132	0.4855508
14.060132	0.48551828
14.0801325	0.48548508
14.100133	0.485451
14.120133	0.4854161
14.140134	0.48538083
14.160134	0.4853449
14.180135	0.4853083
14.200135	0.48527265
14.220136	0.4852378
14.240136	0.48520273
14.260137	0.4851671
14.280137	0.48513228
14.3001375	0.48509914
14.320138	0.48506564
14.340138	0.48503143
14.360139	0.4849976
14.380139	0.484964
14.40014	0.48492986
14.42014	0.48489416
14.440141	0.4848569
14.460141	0.48481888
14.480142	0.48478186
14.500142	0.48474678
14.520143	0.48471224
14.540143	0.48467746
14.560143	0.48464206
14.580144	0.48460642
14.600144	0.4845719
14.620145	0.48453805
14.640145	0.48450446
14.660146	0.48447162
14.680146	0.48443893
14.700147	0.48440474
14.720147	0.4843701
14.740148	0.48433578
14.760148	0.4843013
14.7801485	0.48426682
14.800149	0.48423135
14.820149	0.48419487
14.84015	0.48415837
14.86015	0.48412228
14.880151	0.4840868
14.900151	0.48405194
14.920152	0.48401713
14.940152	0.4839822
14.960153	0.483949
14.980153	0.48391742
15.000154	0.48388702
15.020154	0.48385704
15.040154	0.483827
15.060155	0.48379737
15.080155	0.4837675
15.100156	0.48373747
15.120156	0.4837082
15.140157	0.48367962
15.160157	0.48365128
15.180158	0.48362213
15.200158	0.48359212
15.220159	0.48356184
15.240159	0.48353112
15.2601595	0.48349988
15.28016	0.48346847
15.30016	0.48343766
15.320161	0.48340672
15.340161	0.4833747
15.360162	0.4833423
15.380162	0.48330975
15.400163	0.48327824
15.420163	0.48324767
15.440164	0.48321748
15.460164	0.48318726
15.480165	0.48315698
15.500165	0.48312747
15.520165	0.4830981
15.540166	0.48306784
15.560166	0.48303685
15.580167	0.48300642
15.600167	0.4829758
15.620168	0.48294497
15.640168	0.48291498
15.660169	0.48288596
15.680169	0.48285833
15.70017	0.48283175
15.72017	0.48280567
15.7401705	0.48277938
15.760171	0.48275268
15.780171	0.48272634
15.800172	0.48269993
15.820172	0.48267302
15.840173	0.4826457
15.860173	0.48261788
15.880174	0.482589
15.900174	0.48255876
15.920175	0.4825291
15.940175	0.48250058
15.9601755	0.4824717
15.980176	0.48244214
16.000175	0.48241144
16.020176	0.4823802
16.040176	0.48234883
16.060177	0.48231736
16.080177	0.4822854
16.100178	0.48225334
16.120178	0.482222
16.140179	0.48219025
16.16018	0.4821584
16.18018	0.4821271
16.20018	0.48209623
16.22018	0.4820655
16.240181	0.48203468
16.260181	0.48200363
16.280182	0.48197246
16.300182	0.4819417
16.320183	0.48191124
16.340183	0.48188064
16.360184	0.4818493
16.380184	0.48181766
16.400185	0.48178658
16.420185	0.4817561
16.440186	0.48172677
16.460186	0.48169798
16.480186	0.48166877
16.500187	0.4816392
16.520187	0.4816091
16.540188	0.4815789
16.560188	0.4815483
16.580189	0.48151758
16.60019	0.4814868
16.62019	0.4814562
16.64019	0.48142603
16.66019	0.48139524
16.680191	0.48136428
16.700191	0.48133415
16.720192	0.4813043
16.740192	0.48127395
16.760193	0.4812425
16.780193	0.4812111
16.800194	0.48118088
16.820194	0.4811514
16.840195	0.4811216
16.860195	0.48109168
16.880196	0.48106325
16.900196	0.48103473
16.920197	0.48100597
16.940197	0.48097813
16.960197	0.48095074
16.980198	0.48092404
17.000198	0.48089838
17.020199	0.4808733
17.0402	0.48084864
17.0602	0.48082456
17.0802	0.48080146
17.1002	0.48077947
17.120201	0.48075792
17.140202	0.48073578
17.160202	0.48071283
17.180202	0.4806897
17.200203	0.48066652
17.220203	0.48064327
17.240204	0.48062015
17.260204	0.4805978
17.280205	0.48057586
17.300205	0.48055303
17.320206	0.48053032
17.340206	0.48050722
17.360207	0.48048374
17.380207	0.48046088
17.400208	0.48043695
17.420208	0.48041213
17.440208	0.48038727
17.460209	0.4803621
17.48021	0.48033732
17.50021	0.48031318
17.52021	0.48028788
17.54021	0.48026186
17.560211	0.48023677
17.580212	0.4802118
17.600212	0.48018757
17.620213	0.48016414
17.640213	0.48014116
17.660213	0.48011863
17.680214	0.48009554
17.700214	0.48007205
17.720215	0.48004854
17.740215	0.48002544
17.760216	0.48000318
17.780216	0.47998226
17.800217	0.47996265
17.820217	0.479944
17.840218	0.4799258
17.860218	0.47990742
17.880219	0.4798884
17.900219	0.4798683
17.92022	0.4798464
17.94022	0.47982508
17.96022	0.47980437
17.98022	0.47978354
18.000221	0.4797631
18.020222	0.4797421
18.040222	0.4797209
18.060223	0.47969967
18.080223	0.4796784
18.100224	0.4796561
18.120224	0.47963312
18.140224	0.47960946
18.160225	0.47958517
18.180225	0.47956026
18.200226	0.4795351
18.220226	0.47950977
18.240227	0.4794834
18.260227	0.4794569
18.280228	0.47943044
18.300228	0.47940433
18.320229	0.47937834
18.340229	0.47935194
18.36023	0.4793256
18.38023	0.4793002
18.40023	0.47927552
18.42023	0.47925127
18.440231	0.47922856
18.460232	0.47920653
18.480232	0.4791848
18.500233	0.47916418
18.520233	0.47914413
18.540234	0.47912365
18.560234	0.4791031
18.580235	0.47908148
18.600235	0.47905886
18.620235	0.4790364
18.640236	0.47901344
18.660236	0.47899017
18.680237	0.47896713
18.700237	0.4789434
18.720238	0.47891894
18.740238	0.4788949
18.760239	0.47887105
18.78024	0.47884694
18.80024	0.47882318
18.82024	0.47880024
18.84024	0.4787778
18.86024	0.47875506
18.880241	0.4787321
18.900242	0.47870952
18.920242	0.47868714
18.940243	0.4786656
18.960243	0.47864476
18.980244	0.4786242
19.000244	0.47860333
19.020245	0.47858292
19.040245	0.478564
19.060246	0.478545
19.080246	0.47852588
19.100246	0.47850758
19.120247	0.4784889
19.140247	0.4784693
19.160248	0.47844878
19.180248	0.4784276
19.200249	0.478407
19.22025	0.47838748
19.24025	0.47836778
19.26025	0.47834724
19.28025	0.47832704
19.300251	0.47830656
19.320251	0.4782868
19.340252	0.47826785
19.360252	0.47824854
19.380253	0.4782285
19.400253	0.4782078
19.420254	0.47818804
19.440254	0.47816887
19.460255	0.4781497
19.480255	0.47813144
19.500256	0.4781132
19.520256	0.47809505
19.540257	0.4780774
19.560257	0.47805977
19.580257	0.4780423
19.600258	0.47802496
19.620258	0.4780072
19.640259	0.47798863
19.66026	0.4779702
19.68026	0.47795165
19.70026	0.47793275
19.72026	0.4779141
19.740261	0.47789496
19.760262	0.4778754
19.780262	0.47785637
19.800262	0.47783852
19.820263	0.4778211
19.840263	0.47780338
19.860264	0.47778618
19.880264	0.47776994
19.900265	0.4777547
19.920265	0.47774005
19.940266	0.47772524
19.960266	0.47771168
19.980267	0.4776989
20.000267	0.47768527
20.020267	0.4776703
20.040268	0.47765446
20.060268	0.477638
20.080269	0.47762072
20.10027	0.4776032
20.12027	0.47758493
20.14027	0.4775663
20.16027	0.47754806
20.180271	0.47752935
20.200272	0.47751123
20.220272	0.47749335
20.240273	0.47747517
20.260273	0.47745734
20.280273	0.4774394
20.300274	0.4774219
20.320274	0.4774045
20.340275	0.47738636
20.360275	0.47736752
20.380276	0.4773485
20.400276	0.4773296
20.420277	0.47731096
20.440277	0.47729272
20.460278	0.47727525
20.480278	0.47725898
20.500278	0.477244
20.520279	0.47722965
20.54028	0.47721627
20.56028	0.47720474
20.58028	0.47719428
20.60028	0.4771837
20.620281	0.47717208
20.640282	0.47715968
20.660282	0.47714698
20.680283	0.47713432
20.700283	0.47712207
20.720284	0.47711003
20.740284	0.47709867
20.760284	0.47708702
20.780285	0.47707403
20.800285	0.47706085
20.820286	0.47704765
20.840286	0.47703403
20.860287	0.4770209
20.880287	0.47700873
20.900288	0.4769975
20.920288	0.47698635
20.940289	0.4769752
20.960289	0.47696382
20.98029	0.4769522
21.00029	0.47694087
21.02029	0.4769295
21.04029	0.47691754
21.060291	0.47690508
21.080292	0.4768927
21.100292	0.47688046
21.120293	0.47686893
21.140293	0.47685805
21.160294	0.4768467
21.180294	0.4768352
21.200294	0.47682405
21.220295	0.476813
21.240295	0.47680056
21.260296	0.4767866
21.280296	0.4767734
21.300297	0.4767614
21.320297	0.47674978
21.340298	0.4767382
21.360298	0.47672695
21.380299	0.47671625
21.4003	0.47670484
21.4203	0.47669157
21.4403	0.476678
21.4603	0.4766642
21.4803	0.4766503
21.500301	0.4766366
21.520302	0.4766228
21.540302	0.4766099
21.560303	0.47659716
21.580303	0.47658426
21.600304	0.4765707
21.620304	0.47655544
21.640305	0.47653952
21.660305	0.47652328
21.680305	0.4765067
21.700306	0.47649032
21.720306	0.47647402
21.740307	0.47645795
21.760307	0.47644204
21.780308	0.4764256
21.800308	0.47640878
21.820309	0.4763929
21.84031	0.4763778
21.86031	0.47636282
21.88031	0.4763475
21.90031	0.47633228
21.920311	0.4763181
21.940311	0.47630453
21.960312	0.47629166
21.980312	0.47627848
22.000313	0.4762643
22.020313	0.47624797
22.040314	0.4762304
22.060314	0.47621298
22.080315	0.47619525
22.100315	0.47617745
22.120316	0.4761606
22.140316	0.47614443
22.160316	0.47612777
22.180317	0.47610995
22.200317	0.47609103
22.220318	0.47607112
22.240318	0.47605067
22.260319	0.47602928
22.28032	0.47600746
22.30032	0.4759863
22.32032	0.47596556
22.34032	0.47594532
22.360321	0.47592524
22.380322	0.47590536
22.400322	0.47588655
22.420322	0.47586885
22.440323	0.4758523
22.460323	0.47583562
22.480324	0.47581849
22.500324	0.47580126
22.520325	0.4757837
22.540325	0.47576514
22.560326	0.47574657
22.580326	0.47572887
22.600327	0.47571108
22.620327	0.4756924
22.640327	0.47567317
22.660328	0.47565365
22.680328	0.47563332
22.700329	0.47561327
22.72033	0.4755948
22.74033	0.47557718
22.76033	0.47555923
22.78033	0.4755418
22.800331	0.47552532
22.820332	0.4755095
22.840332	0.47549462
22.860332	0.4754793
22.880333	0.47546282
22.900333	0.47544566
22.920334	0.47542828
22.940334	0.47541147
22.960335	0.47539514
22.980335	0.47537923
23.000336	0.4753632
23.020336	0.4753475
23.040337	0.4753323
23.060337	0.4753165
23.080338	0.4753006
23.100338	0.4752854
23.120338	0.47527137
23.140339	0.47525808
23.16034	0.47524518
23.18034	0.47523248
23.20034	0.47521996
23.22034	0.4752078
23.240341	0.47519588
23.260342	0.47518474
23.280342	0.47517347
23.300343	0.4751616
23.320343	0.47514963
23.340343	0.47513768
23.360344	0.47512525
23.380344	0.47511327
23.400345	0.47510222
23.420345	0.4750917
23.440346	0.47508222
23.460346	0.47507393
23.480347	0.47506618
23.500347	0.47505918
23.520348	0.47505254
23.540348	0.4750458
23.560349	0.475039
23.580349	0.47503215
23.60035	0.4750248
23.62035	0.47501743
23.64035	0.47501117
23.66035	0.4750053
23.680351	0.4749995
23.700352	0.47499365
23.720352	0.4749883
23.740353	0.47498327
23.760353	0.47497845
23.780354	0.47497356
23.800354	0.47496876
23.820354	0.4749651
23.840355	0.47496158
23.860355	0.4749583
23.880356	0.47495654
23.900356	0.47495574
23.920357	0.47495508
23.940357	0.47495458
23.960358	0.4749538
23.980358	0.474952
24.000359	0.47494894
24.020359	0.47494495
24.04036	0.47493994
24.06036	0.47493434
24.08036	0.47492796
24.10036	0.47492087
24.120361	0.47491324
24.140362	0.47490528
24.160362	0.47489643
24.180363	0.47488683
24.200363	0.47487783
24.220364	0.474869
24.240364	0.4748596
24.260365	0.47484905
24.280365	0.47483748
24.300365	0.4748245
24.320366	0.47481084
24.340366	0.47479814
24.360367	0.47478616
24.380367	0.47477314
24.400368	0.47475982
24.420368	0.47474775
24.440369	0.4747365
24.46037	0.47472692
24.48037	0.47471914
24.50037	0.4747119
24.52037	0.4747043
24.54037	0.47469676
24.560371	0.47468936
24.580372	0.47468197
24.600372	0.47467417
24.620373	0.47466606
24.640373	0.4746586
24.660374	0.47465128
24.680374	0.47464392
24.700375	0.47463632
24.720375	0.47462815
24.740376	0.47461972
24.760376	0.4746117
24.780376	0.474604
24.800377	0.47459656
24.820377	0.47458965
24.840378	0.4745831
24.860378	0.47457707
24.880379	0.47457153
24.90038	0.47456622
24.92038	0.4745614
24.94038	0.47455633
24.96038	0.474551
24.980381	0.4745457
25.000381	0.47454178
25.020382	0.47453916
25.040382	0.4745354
25.060383	0.4745315
25.080383	0.47452787
25.100384	0.47452345
25.120384	0.47451898
25.140385	0.4745149
25.160385	0.47451013
25.180386	0.47450522
25.200386	0.47450167
25.220387	0.47449893
25.240387	0.47449607
25.260387	0.474492
25.280388	0.474487
25.300388	0.47448152
25.320389	0.47447646
25.34039	0.4744716
25.36039	0.47446597
25.38039	0.4744592
25.40039	0.47445124
25.420391	0.474442
25.440392	0.47443154
25.460392	0.47441962
25.480392	0.47440684
25.500393	0.47439414
25.520393	0.474381
25.540394	0.47436705
25.560394	0.47435272
25.580395	0.4743381
25.600395	0.47432372
25.620396	0.47430992
25.640396	0.47429603
25.660397	0.47428238
25.680397	0.4742682
25.700397	0.47425425
25.720398	0.47424203
25.740398	0.47423053
25.760399	0.47421885
25.7804	0.474207
25.8004	0.47419536
25.8204	0.4741839
25.8404	0.47417334
25.860401	0.47416368
25.880402	0.47415334
25.900402	0.47414187
25.920403	0.47413057
25.940403	0.47411895
25.960403	0.47410613
25.980404	0.47409266
26.000404	0.4740793
26.020405	0.47406673
26.040405	0.47405523
26.060406	0.4740443
26.080406	0.47403324
26.100407	0.47402078
26.120407	0.47400764
26.140408	0.47399443
26.160408	0.47398114
26.180408	0.473968
26.200409	0.4739559
26.22041	0.47394496
26.24041	0.4739338
26.26041	0.47392187
26.28041	0.47390887
26.300411	0.47389507
26.320412	0.47388113
26.340412	0.47386828
26.360413	0.47385567
26.380413	0.47384286
26.400414	0.47383088
26.420414	0.47381884
26.440414	0.4738067
26.460415	0.47379553
26.480415	0.47378504
26.500416	0.47377503
26.520416	0.47376502
26.540417	0.47375518
26.560417	0.47374526
26.580418	0.47373447
26.600418	0.4737228
26.620419	0.47371083
26.640419	0.47369885
26.66042	0.47368675
26.68042	0.4736735
26.70042	0.47365928
26.72042	0.47364485
26.740421	0.4736306
26.760422	0.47361773
26.780422	0.47360584
26.800423	0.47359437
26.820423	0.4735822
26.840424	0.47356904
26.860424	0.47355643
26.880424	0.4735453
26.900425	0.4735356
26.920425	0.4735271
26.940426	0.4735196
26.960426	0.47351298
26.980427	0.47350675
27.000427	0.47350028
27.020428	0.4734935
27.040428	0.4734866
27.060429	0.47347915
27.08043	0.47347248
27.10043	0.47346663
27.12043	0.47346073
27.14043	0.47345552
27.16043	0.47345036
27.180431	0.4734448
27.200432	0.47344
27.220432	0.47343618
27.240433	0.47343254
27.260433	0.47342864
27.280434	0.47342336
27.300434	0.4734171
27.320435	0.4734112
27.340435	0.4734068
27.360435	0.47340435
27.380436	0.4734028
27.400436	0.4734006
27.420437	0.47339764
27.440437	0.47339544
27.460438	0.47339445
27.480438	0.47339284
27.500439	0.4733896
27.52044	0.47338614
27.54044	0.4733833
27.56044	0.4733799
27.58044	0.47337624
27.600441	0.47337344
27.620441	0.47337073
27.640442	0.47336772
27.660442	0.47336465
27.680443	0.47336227
27.700443	0.47336048
27.720444	0.4733575
27.740444	0.47335395
27.760445	0.47334957
27.780445	0.47334436
27.800446	0.4733393
27.820446	0.47333342
27.840446	0.47332704
27.860447	0.47332156
27.880447	0.4733156
27.900448	0.4733086
27.920448	0.47330248
27.940449	0.47329825
27.96045	0.4732949
27.98045	0.47329143
28.00045	0.47328806
28.02045	0.47328568
28.040451	0.47328386
28.060452	0.47328073
28.080452	0.47327784
28.100452	0.47327566
28.120453	0.47327346
28.140453	0.47327214
28.160454	0.4732706
28.180454	0.4732688
28.200455	0.47326678
28.220455	0.47326452
28.240456	0.47326213
28.260456	0.47325903
28.280457	0.4732558
28.300457	0.47325233
28.320457	0.47324815
28.340458	0.47324437
28.360458	0.4732417
28.380459	0.47324008
28.40046	0.473239
28.42046	0.47323835
28.44046	0.47323817
28.46046	0.4732382
28.480461	0.47323787
28.500462	0.47323668
28.520462	0.4732347
28.540462	0.4732319
28.560463	0.4732278
28.580463	0.47322363
28.600464	0.47322065
28.620464	0.47321802
28.640465	0.4732151
28.660465	0.47321212
28.680466	0.47320902
28.700466	0.47320503
28.720467	0.47320142
28.740467	0.4731992
28.760468	0.47319806
28.780468	0.47319743
28.800468	0.47319627
28.820469	0.47319445
28.84047	0.47319287
28.86047	0.47319174
28.88047	0.47319102
28.90047	0.4731903
28.920471	0.47319007
28.940472	0.47319078
28.960472	0.47319126
28.980473	0.4731914
29.000473	0.47319162
29.020473	0.47319144
29.040474	0.4731918
29.060474	0.47319335
29.080475	0.4731957
29.100475	0.47319794
29.120476	0.47320014
29.140476	0.47320318
29.160477	0.47320658
29.180477	0.47320956
29.200478	0.47321066
29.220478	0.4732101
29.240479	0.47320935
29.260479	0.47320932
29.28048	0.47320926
29.30048	0.47320879
29.32048	0.47320855
29.34048	0.47320932
29.360481	0.4732109
29.380482	0.47321182
29.400482	0.4732108
29.420483	0.47320825
29.440483	0.47320524
29.460484	0.47320214
29.480484	0.4731995
29.500484	0.47319752
29.520485	0.47319716
29.540485	0.47319776
29.560486	0.47319674
29.580486	0.4731952
29.600487	0.47319394
29.620487	0.47319284
29.640488	0.47319162
29.660488	0.47318906
29.680489	0.47318655
29.700489	0.47318405
29.72049	0.4731809
29.74049	0.47317803
29.76049	0.47317484
29.78049	0.47317007
29.800491	0.47316474
29.820492	0.4731596
29.840492	0.47315404
29.860493	0.4731484
29.880493	0.47314212
29.900494	0.47313452
29.920494	0.47312728
29.940495	0.47312158
29.960495	0.47311574
29.980495	0.47310928
30.000496	0.47310227
30.020496	0.4730955
30.040497	0.4730883
30.060497	0.47307983
30.080498	0.47307083
30.100498	0.4730629
30.120499	0.4730559
30.1405	0.4730493
30.1605	0.47304326
30.1805	0.47303694
30.2005	0.4730301
30.2205	0.47302368
30.240501	0.47301853
30.260502	0.4730142
30.280502	0.47300962
30.300503	0.47300452
30.320503	0.4729995
30.340504	0.4729945
30.360504	0.47298956
30.380505	0.4729842
30.400505	0.4729778
30.420506	0.47297007
30.440506	0.4729623
30.460506	0.47295612
30.480507	0.4729523
30.500507	0.47294897
30.520508	0.4729438
30.540508	0.4729378
30.560509	0.47293162
30.58051	0.47292587
30.60051	0.47292107
30.62051	0.47291666
30.64051	0.47291237
30.660511	0.47290906
30.680511	0.47290623
30.700512	0.47290355
30.720512	0.4729017
30.740513	0.4729001
30.760513	0.47289887
30.780514	0.47289836
30.800514	0.47289804
30.820515	0.472897
30.840515	0.47289556
30.860516	0.4728949
30.880516	0.47289437
30.900517	0.47289312
30.920517	0.47289163
30.940517	0.47289038
30.960518	0.47288942
30.980518	0.47288856
31.000519	0.47288746
31.02052	0.47288597
31.04052	0.4728829
31.06052	0.47287887
31.08052	0.47287363
31.100521	0.4728675
31.120522	0.4728608
31.140522	0.47285387
31.160522	0.47284693
31.180523	0.4728399
31.200523	0.47283372
31.220524	0.472828
31.240524	0.4728216
31.260525	0.47281474
31.280525	0.4728076
31.300526	0.47280002
31.320526	0.4727931
31.340527	0.47278672
31.360527	0.47278076
31.380527	0.47277564
31.400528	0.4727712
31.420528	0.472767
31.440529	0.47276276
31.46053	0.47275874
31.48053	0.47275358
31.50053	0.47274745
31.52053	0.47274154
31.540531	0.47273645
31.560532	0.47273245
31.580532	0.47272784
31.600533	0.47272247
31.620533	0.47271714
31.640533	0.47271168
31.660534	0.4727068
31.680534	0.4727019
31.700535	0.47269636
31.720535	0.47269046
31.740536	0.47268444
31.760536	0.47267857
31.780537	0.4726725
31.800537	0.4726658
31.820538	0.47265804
31.840538	0.47265053
31.860538	0.47264487
31.880539	0.47264028
31.90054	0.4726359
31.92054	0.47263128
31.94054	0.4726265
31.96054	0.4726218
31.980541	0.4726174
32.00054	0.4726147
32.020542	0.47261387
32.040543	0.4726134
32.060543	0.4726125
32.080544	0.4726116
32.100544	0.47261
32.120544	0.47260797
32.140545	0.47260666
32.160545	0.47260496
32.180546	0.47260243
32.200546	0.47259986
32.220547	0.47259808
32.240547	0.47259614
32.260548	0.4725937
32.28055	0.4725905
32.30055	0.472586
32.32055	0.47258246
32.34055	0.47258025
32.36055	0.47257736
32.38055	0.47257453
32.40055	0.47257254
32.42055	0.4725712
32.44055	0.4725696
32.460552	0.47256744
32.480553	0.47256553
32.500553	0.4725635
32.520554	0.47256088
32.540554	0.4725594
32.560555	0.47255957
32.580555	0.47256
32.600555	0.47256005
32.620556	0.47256002
32.640556	0.47256
32.660557	0.47256026
32.680557	0.4725604
32.700558	0.47256076
32.72056	0.47256157
32.74056	0.47256282
32.76056	0.47256464
32.78056	0.47256565
32.80056	0.4725659
32.82056	0.47256643
32.84056	0.47256732
32.86056	0.47256854
32.88056	0.47257084
32.900562	0.4725741
32.920563	0.4725767
32.940563	0.47257906
32.960564	0.47258073
32.980564	0.47258162
33.000565	0.47258165
33.020565	0.47258127
33.040565	0.47258133
33.060566	0.47258052
33.080566	0.47257918
33.100567	0.47257778
33.120567	0.47257596
33.140568	0.47257388
33.16057	0.47257167
33.18057	0.4725697
33.20057	0.47256774
33.22057	0.4725662
33.24057	0.4725647
33.26057	0.47256297
33.28057	0.47256193
33.30057	0.47256136
33.32057	0.4725607
33.340572	0.47256008
33.360573	0.4725588
33.380573	0.4725572
33.400574	0.472556
33.420574	0.4725554
33.440575	0.47255534
33.460575	0.47255558
33.480576	0.47255623
33.500576	0.4725576
33.520576	0.47255942
33.540577	0.47256118
33.560577	0.47256276
33.580578	0.47256392
33.60058	0.47256497
33.62058	0.4725657
33.64058	0.47256604
33.66058	0.4725663
33.68058	0.4725667
33.70058	0.47256738
33.72058	0.4725683
33.74058	0.4725691
33.760582	0.4725704
33.780582	0.4725725
33.800583	0.47257507
33.820583	0.47257686
33.840584	0.47257766
33.860584	0.47257867
33.880585	0.47257882
33.900585	0.47257805
33.920586	0.47257674
33.940586	0.47257546
33.960587	0.47257423
33.980587	0.47257167
34.000587	0.47256756
34.020588	0.47256264
34.04059	0.47255737
34.06059	0.47255197
34.08059	0.47254676
34.10059	0.47254205
34.12059	0.472537
34.14059	0.4725315
34.16059	0.47252697
34.18059	0.47252357
34.200592	0.47252107
34.220592	0.4725192
34.240593	0.47251752
34.260593	0.4725164
34.280594	0.47251534
34.300594	0.47251534
34.320595	0.47251672
34.340595	0.4725186
34.360596	0.47252184
34.380596	0.47252572
34.400597	0.47252983
34.420597	0.47253454
34.440598	0.47253916
34.460598	0.47254354
34.4806	0.47254804
34.5006	0.47255218
34.5206	0.47255558
34.5406	0.47255918
34.5606	0.47256288
34.5806	0.47256666
34.6006	0.47257057
34.6206	0.472574
34.640602	0.4725773
34.660603	0.47257972
34.680603	0.4725808
34.700603	0.47258085
34.720604	0.4725796
34.740604	0.47257808
34.760605	0.47257704
34.780605	0.4725758
34.800606	0.47257358
34.820606	0.47257143
34.840607	0.47256994
34.860607	0.47256875
34.880608	0.47256708
34.900608	0.4725644
34.92061	0.47256213
34.94061	0.472561
34.96061	0.47255987
34.98061	0.47255877
35.00061	0.47255835
35.02061	0.47255886
35.04061	0.4725596
35.06061	0.47255987
35.080612	0.4725597
35.100613	0.47255975
35.120613	0.47256052
35.140614	0.47256058
35.160614	0.47256
35.180614	0.47256
35.200615	0.47256
35.220615	0.47255993
35.240616	0.47256023
35.260616	0.47256044
35.280617	0.47256088
35.300617	0.47256166
35.320618	0.4725626
35.34062	0.47256288
35.36062	0.47256237
35.38062	0.47256115
35.40062	0.4725588
35.42062	0.47255552
35.44062	0.4725522
35.46062	0.47254902
35.48062	0.47254592
35.50062	0.4725429
35.520622	0.47253937
35.540623	0.47253525
35.560623	0.47253054
35.580624	0.47252512
35.600624	0.47251907
35.620625	0.47251225
35.640625	0.4725054
35.660625	0.47249973
35.680626	0.47249517
35.700626	0.4724911
35.720627	0.4724872
35.740627	0.47248346
35.760628	0.47247976
35.78063	0.47247633
35.80063	0.47247374
35.82063	0.47247216
35.84063	0.47247022
35.86063	0.47246742
35.88063	0.47246456
35.90063	0.47246277
35.92063	0.4724623
35.94063	0.47246218
35.960632	0.47246298
35.980633	0.47246367
36.000633	0.4724625
36.020634	0.472461
36.040634	0.47245842
36.060635	0.47245467
36.080635	0.47245073
36.100636	0.47244585
36.120636	0.47244102
36.140636	0.47243702
36.160637	0.472432
36.180637	0.47242522
36.200638	0.47241855
36.22064	0.4724118
36.24064	0.47240454
36.26064	0.4723977
36.28064	0.4723918
36.30064	0.4723871
36.32064	0.47238308
36.34064	0.47237965
36.36064	0.47237676
36.380642	0.472374
36.400642	0.4723707
36.420643	0.47236672
36.440643	0.47236204
36.460644	0.47235817
36.480644	0.47235608
36.500645	0.4723543
36.520645	0.47235173
36.540646	0.4723488
36.560646	0.47234616
36.580647	0.47234327
36.600647	0.47233954
36.620647	0.47233582
36.640648	0.47233227
36.66065	0.4723291
36.68065	0.4723271
36.70065	0.47232538
36.72065	0.4723239
36.74065	0.4723234
36.76065	0.47232324
36.78065	0.47232306
36.80065	0.4723232
36.820652	0.4723243
36.840652	0.4723262
36.860653	0.47232735
36.880653	0.4723271
36.900654	0.472327
36.920654	0.4723264
36.940655	0.47232464
36.960655	0.47232231
36.980656	0.47231942
37.000656	0.4723159
37.020657	0.4723121
37.040657	0.4723085
37.060658	0.47230458
37.080658	0.47230166
37.10066	0.47230002
37.12066	0.47229916
37.14066	0.47229868
37.16066	0.47229666
37.18066	0.47229323
37.20066	0.47228935
37.22066	0.47228608
37.24066	0.47228378
37.260662	0.47228202
37.280663	0.4722816
37.300663	0.47228247
37.320663	0.47228378
37.340664	0.4722855
37.360664	0.4722876
37.380665	0.4722895
37.400665	0.47229087
37.420666	0.47229272
37.440666	0.47229546
37.460667	0.47229835
37.480667	0.4723011
37.500668	0.47230345
37.520668	0.47230542
37.54067	0.472308
37.56067	0.47231108
37.58067	0.4723146
37.60067	0.47231886
37.62067	0.4723239
37.64067	0.4723298
37.66067	0.47233656
37.68067	0.47234273
37.700672	0.4723477
37.720673	0.47235107
37.740673	0.47235283
37.760674	0.47235423
37.780674	0.47235602
37.800674	0.47235858
37.820675	0.47236174
37.840675	0.47236496
37.860676	0.4723678
37.880676	0.4723699
37.900677	0.47237188
37.920677	0.4723742
37.940678	0.47237694
37.96068	0.47238052
37.98068	0.47238427
38.00068	0.47238743
38.02068	0.47238946
38.04068	0.47239
38.06068	0.47238982
38.08068	0.47238994
38.10068	0.47239092
38.12068	0.47239238
38.140682	0.47239435
38.160683	0.4723963
38.180683	0.47239727
38.200684	0.47239804
38.220684	0.47239876
38.240685	0.47239834
38.260685	0.47239715
38.280685	0.47239605
38.300686	0.47239447
38.320686	0.47239214
38.340687	0.47238848
38.360687	0.47238392
38.380688	0.47237837
38.40069	0.47237217
38.42069	0.47236717
38.44069	0.4723621
38.46069	0.47235614
38.48069	0.47234935
38.50069	0.4723426
38.52069	0.47233716
38.54069	0.47233266
38.56069	0.47232908
38.580692	0.47232628
38.600693	0.47232348
38.620693	0.47232044
38.640694	0.4723177
38.660694	0.47231442
38.680695	0.47231054
38.700695	0.47230577
38.720695	0.47229964
38.740696	0.4722931
38.760696	0.47228733
38.780697	0.47228217
38.800697	0.4722788
38.820698	0.4722773
38.8407	0.47227633
38.8607	0.47227597
38.8807	0.47227687
38.9007	0.47227967
38.9207	0.4722828
38.9407	0.47228593
38.9607	0.47229004
38.9807	0.4722937
39.0007	0.4722972
39.020702	0.47230035
39.040703	0.47230232
39.060703	0.4723043
39.080704	0.4723053
39.100704	0.4723053
39.120705	0.47230512
39.140705	0.47230387
39.160706	0.47230256
39.180706	0.47230166
39.200706	0.47230065
39.220707	0.4722997
39.240707	0.47229877
39.260708	0.4722991
39.28071	0.47230136
39.30071	0.47230434
39.32071	0.47230768
39.34071	0.47231203
39.36071	0.4723168
39.38071	0.47232127
39.40071	0.47232527
39.42071	0.47232926
39.440712	0.47233492
39.460712	0.47234088
39.480713	0.47234592
39.500713	0.4723513
39.520714	0.47235626
39.540714	0.47236001
39.560715	0.4723639
39.580715	0.4723686
39.600716	0.47237277
39.620716	0.47237557
39.640717	0.47237733
39.660717	0.47237802
39.680717	0.4723778
39.700718	0.472378
39.72072	0.47237772
39.74072	0.4723761
39.76072	0.47237426
39.78072	0.4723719
39.80072	0.4723683
39.82072	0.47236484
39.84072	0.4723621
39.86072	0.4723581
39.880722	0.47235277
39.900723	0.47234696
39.920723	0.47234064
39.940723	0.47233474
39.960724	0.47232953
39.980724	0.4723238
40.000725	0.47231704
40.020725	0.47230923
40.040726	0.4723007
40.060726	0.47229207
40.080727	0.4722829
40.100727	0.47227377
40.120728	0.47226465
40.140728	0.47225437
40.16073	0.47224346
40.18073	0.4722324
40.20073	0.47222215
40.22073	0.4722126
40.24073	0.4722029
40.26073	0.47219318
40.28073	0.47218427
40.30073	0.472176
40.320732	0.4721682
40.340733	0.47216046
40.360733	0.47215328
40.380733	0.4721473
40.400734	0.47214133
40.420734	0.47213537
40.440735	0.4721286
40.460735	0.4721203
40.480736	0.47211123
40.500736	0.4721021
40.520737	0.47209412
40.540737	0.4720875
40.560738	0.4720813
40.580738	0.472075
40.60074	0.47206816
40.62074	0.47206044
40.64074	0.47205284
40.66074	0.47204602
40.68074	0.4720395
40.70074	0.47203338
40.72074	0.4720273
40.74074	0.4720218
40.760742	0.47201693
40.780743	0.47201192
40.800743	0.47200724
40.820744	0.47200298
40.840744	0.47199917
40.860744	0.47199515
40.880745	0.47198975
40.900745	0.47198397
40.920746	0.47197846
40.940746	0.47197318
40.960747	0.47196868
40.980747	0.471965
41.000748	0.47196123
41.02075	0.47195786
41.04075	0.4719544
41.06075	0.47195017
41.08075	0.47194707
41.10075	0.47194496
41.12075	0.47194237
41.14075	0.4719396
41.16075	0.47193706
41.18075	0.47193503
41.200752	0.47193325
41.220753	0.47193158
41.240753	0.47193116
41.260754	0.47193214
41.280754	0.47193366
41.300755	0.47193456
41.320755	0.47193438
41.340755	0.471934
41.360756	0.47193372
41.380756	0.47193334
41.400757	0.47193286
41.420757	0.47193262
41.440758	0.4719333
41.46076	0.4719343
41.48076	0.4719344
41.50076	0.471934
41.52076	0.4719336
41.54076	0.47193277
41.56076	0.4719313
41.58076	0.47192913
41.60076	0.47192687
41.62076	0.47192538
41.640762	0.4719236
41.660763	0.4719206
41.680763	0.47191736
41.700764	0.47191468
41.720764	0.47191134
41.740765	0.47190756
41.760765	0.471904
41.780766	0.47190112
41.800766	0.47189993
41.820766	0.4718994
41.840767	0.4718982
41.860767	0.47189742
41.880768	0.47189668
41.90077	0.47189504
41.92077	0.471894
41.94077	0.47189334
41.96077	0.47189164
41.98077	0.47189093
42.00077	0.47189152
42.02077	0.47189146
42.04077	0.4718913
42.060772	0.47189176
42.080772	0.4718917
42.100773	0.4718911
42.120773	0.4718902
42.140774	0.47188985
42.160774	0.47189018
42.180775	0.47189006
42.200775	0.47188902
42.220776	0.47188762
42.240776	0.47188675
42.260777	0.47188577
42.280777	0.4718845
42.300777	0.47188434
42.320778	0.47188437
42.34078	0.4718845
42.36078	0.47188526
42.38078	0.47188595
42.40078	0.47188714
42.42078	0.47188932
42.44078	0.47189057
42.46078	0.47189116
42.48078	0.4718921
42.500782	0.47189257
42.520782	0.4718935
42.540783	0.47189355
42.560783	0.47189248
42.580784	0.47189197
42.600784	0.47189233
42.620785	0.47189343
42.640785	0.4718962
42.660786	0.47189978
42.680786	0.47190365
42.700787	0.47190863
42.720787	0.471915
42.740788	0.47192258
42.760788	0.47192946
42.78079	0.47193593
42.80079	0.4719439
42.82079	0.47195235
42.84079	0.4719608
42.86079	0.47197038
42.88079	0.47198018
42.90079	0.47198895
42.92079	0.47199747
42.940792	0.4720063
42.960793	0.4720161
42.980793	0.47202605
43.000793	0.47203565
43.020794	0.47204447
43.040794	0.4720522
43.060795	0.4720604
43.080795	0.4720691
43.100796	0.4720776
43.120796	0.47208643
43.140797	0.47209585
43.160797	0.4721049
43.180798	0.47211224
43.200798	0.47211772
43.2208	0.47212142
43.2408	0.47212362
43.2608	0.47212604
43.2808	0.47212845
43.3008	0.47213086
43.3208	0.4721337
43.3408	0.4721364
43.3608	0.4721396
43.380802	0.47214392
43.400803	0.47214863
43.420803	0.47215295
43.440804	0.47215724
43.460804	0.4721617
43.480804	0.4721666
43.500805	0.4721717
43.520805	0.47217697
43.540806	0.4721825
43.560806	0.47218826
43.580807	0.47219428
43.600807	0.47220036
43.620808	0.47220597
43.64081	0.4722113
43.66081	0.4722162
43.68081	0.4722211
43.70081	0.47222483
43.72081	0.47222668
43.74081	0.4722299
43.76081	0.47223568
43.78081	0.4722427
43.80081	0.4722494
43.820812	0.47225535
43.840813	0.4722603
43.860813	0.47226426
43.880814	0.47226846
43.900814	0.4722738
43.920815	0.47227976
43.940815	0.47228524
43.960815	0.47229058
43.980816	0.4722963
44.000816	0.47230163
44.020817	0.472306
44.040817	0.47231054
44.060818	0.4723148
44.08082	0.47231853
44.10082	0.4723231
44.12082	0.47232795
44.14082	0.47233158
44.16082	0.47233403
44.18082	0.47233492
44.20082	0.47233444
44.22082	0.47233352
44.24082	0.47233218
44.260822	0.47233096
44.280823	0.47232926
44.300823	0.47232682
44.320824	0.4723246
44.340824	0.472323
44.360825	0.4723214
44.380825	0.47231954
44.400826	0.47231758
44.420826	0.47231558
44.440826	0.4723132
44.460827	0.47231105
44.480827	0.47230956
44.500828	0.47230822
44.52083	0.47230744
44.54083	0.4723069
44.56083	0.47230592
44.58083	0.47230542
44.60083	0.47230542
44.62083	0.47230586
44.64083	0.47230697
44.66083	0.47230828
44.680832	0.4723094
44.700832	0.47231
44.720833	0.4723105
44.740833	0.47231197
44.760834	0.4723146
44.780834	0.47231722
44.800835	0.4723199
44.820835	0.47232327
44.840836	0.47232604
44.860836	0.4723272
44.880836	0.47232768
44.900837	0.47232834
44.920837	0.47232878
44.940838	0.47232795
44.96084	0.47232637
44.98084	0.47232538
45.00084	0.47232473
45.02084	0.4723251
45.04084	0.47232658
45.06084	0.47232747
45.08084	0.4723274
45.10084	0.47232753
45.120842	0.47232765
45.140842	0.472327
45.160843	0.47232607
45.180843	0.47232535
45.200844	0.47232407
45.220844	0.47232193
45.240845	0.47232035
45.260845	0.47231966
45.280846	0.4723196
45.300846	0.4723202
45.320847	0.4723205
45.340847	0.47231972
45.360847	0.47231814
45.380848	0.4723163
45.40085	0.47231373
45.42085	0.47231093
45.44085	0.47230843
45.46085	0.47230527
45.48085	0.47230196
45.50085	0.4722992
45.52085	0.47229695
45.54085	0.47229457
45.560852	0.4722917
45.580853	0.47228855
45.600853	0.47228605
45.620853	0.47228456
45.640854	0.472283
45.660854	0.4722815
45.680855	0.472279
45.700855	0.47227564
45.720856	0.47227257
45.740856	0.47226933
45.760857	0.4722659
45.780857	0.47226286
45.800858	0.47226042
45.820858	0.47225836
45.84086	0.47225627
45.86086	0.4722541
45.88086	0.47225204
45.90086	0.4722507
45.92086	0.4722504
45.94086	0.47225124
45.96086	0.47225326
45.98086	0.47225606
46.000862	0.47225857
46.020863	0.47226152
46.040863	0.47226483
46.060863	0.47226715
46.080864	0.47226888
46.100864	0.47227052
46.120865	0.47227222
46.140865	0.47227377
46.160866	0.4722739
46.180866	0.47227293
46.200867	0.47227147
46.220867	0.47227097
46.240868	0.47227195
46.260868	0.4722733
46.28087	0.4722749
46.30087	0.4722767
46.32087	0.4722791
46.34087	0.47228193
46.36087	0.4722848
46.38087	0.47228697
46.40087	0.47228765
46.42087	0.47228742
46.440872	0.47228724
46.460873	0.4722883
46.480873	0.47228938
46.500874	0.47228932
46.520874	0.4722884
46.540874	0.47228646
46.560875	0.4722846
46.580875	0.47228265
46.600876	0.47228014
46.620876	0.47227734
46.640877	0.4722736
46.660877	0.47226918
46.680878	0.47226357
46.70088	0.47225758
46.72088	0.47225237
46.74088	0.47224706
46.76088	0.47224206
46.78088	0.472237
46.80088	0.4722316
46.82088	0.4722271
46.84088	0.4722234
46.86088	0.47222018
46.880882	0.47221717
46.900883	0.47221333
46.920883	0.47220916
46.940884	0.47220588
46.960884	0.47220463
46.980885	0.4722047
47.000885	0.47220507
47.020885	0.47220588
47.040886	0.47220695
47.060886	0.47220808
47.080887	0.47220856
47.100887	0.47220862
47.120888	0.47220922
47.14089	0.47221047
47.16089	0.47221217
47.18089	0.47221392
47.20089	0.47221506
47.22089	0.47221646
47.24089	0.47221857
47.26089	0.47222042
47.28089	0.4722219
47.30089	0.47222355
47.320892	0.47222525
47.340893	0.47222686
47.360893	0.4722277
47.380894	0.47222787
47.400894	0.47222838
47.420895	0.47222897
47.440895	0.47222874
47.460896	0.4722274
47.480896	0.47222587
47.500896	0.47222388
47.520897	0.47222173
47.540897	0.47222048
47.560898	0.47222072
47.5809	0.4722219
47.6009	0.47222275
47.6209	0.47222424
47.6409	0.47222614
47.6609	0.47222728
47.6809	0.4722278
47.7009	0.47222853
47.7209	0.4722289
47.740902	0.47222835
47.760902	0.4722277
47.780903	0.47222733
47.800903	0.47222745
47.820904	0.4722277
47.840904	0.4722276
47.860905	0.4722276
47.880905	0.47222826
47.900906	0.47223002
47.920906	0.47223192
47.940907	0.47223318
47.960907	0.4722346
47.980907	0.47223663
48.000908	0.47223988
48.02091	0.4722436
48.04091	0.4722467
48.06091	0.4722496
48.08091	0.47225198
48.10091	0.47225425
48.12091	0.47225767
48.14091	0.47226167
48.16091	0.47226518
48.180912	0.47226745
48.200912	0.47226852
48.220913	0.47226855
48.240913	0.47226828
48.260914	0.4722687
48.280914	0.47226942
48.300915	0.47227064
48.320915	0.47227165
48.340916	0.4722721
48.360916	0.47227263
48.380917	0.4722736
48.400917	0.4722746
48.420918	0.47227573
48.440918	0.47227767
48.46092	0.47227928
48.48092	0.47228038
48.50092	0.4722818
48.52092	0.47228357
48.54092	0.4722852
48.56092	0.47228652
48.58092	0.47228733
48.60092	0.47228822
48.620922	0.47228968
48.640923	0.4722916
48.660923	0.47229403
48.680923	0.4722966
48.700924	0.4722988
48.720924	0.47230116
48.740925	0.47230327
48.760925	0.4723044
48.780926	0.47230542
48.800926	0.47230744
48.820927	0.4723103
48.840927	0.47231314
48.860928	0.4723165
48.880928	0.47232038
48.90093	0.47232378
48.92093	0.4723266
48.94093	0.47232923
48.96093	0.4723313
48.98093	0.47233242
49.00093	0.4723328
49.02093	0.47233206
49.04093	0.47232997
49.060932	0.4723273
49.080933	0.4723251
49.100933	0.4723235
49.120934	0.4723228
49.140934	0.47232217
49.160934	0.4723211
49.180935	0.47232056
49.200935	0.47232065
49.220936	0.4723203
49.240936	0.4723193
49.260937	0.4723178
49.280937	0.472316
49.300938	0.47231394
49.32094	0.47231165
49.34094	0.4723097
49.36094	0.47230956
49.38094	0.4723095
49.40094	0.47230858
49.42094	0.47230813
49.44094	0.47230732
49.46094	0.4723069
49.48094	0.47230706
49.500942	0.47230667
49.520943	0.4723056
49.540943	0.47230476
49.560944	0.47230452
49.580944	0.47230414
49.600945	0.47230393
49.620945	0.47230434
49.640945	0.47230452
49.660946	0.47230396
49.680946	0.47230342
49.700947	0.4723032
49.720947	0.47230354
49.740948	0.4723047
49.76095	0.4723052
49.78095	0.4723054
49.80095	0.47230572
49.82095	0.47230583
49.84095	0.47230566
49.86095	0.47230518
49.88095	0.4723056
49.90095	0.4723053
49.92095	0.47230372
49.940952	0.4723028
49.960953	0.47230253
49.980953	0.47230256
50.0	0.4723024
