0.0	0.60000026
0.02	0.59998274
0.04	0.599933
0.06	0.5998517
0.08	0.5997392
0.099999994	0.5995977
0.11999999	0.59942865
0.13999999	0.59923327
0.15999998	0.5990119
0.17999998	0.5987647
0.19999997	0.59849274
0.21999997	0.59819674
0.23999996	0.5978775
0.25999996	0.5975355
0.27999997	0.5971726
0.29999998	0.5967904
0.32	0.59638894
0.34	0.59597003
0.36	0.59553385
0.38000003	0.5950805
0.40000004	0.5946113
0.42000005	0.59412736
0.44000006	0.5936297
0.46000007	0.59311986
0.48000008	0.5925963
0.50000006	0.59205914
0.52000004	0.5915102
0.54	0.5909505
0.56	0.5903811
0.58	0.5898021
0.59999996	0.5892144
0.61999995	0.5886183
0.6399999	0.58801293
0.6599999	0.5873985
0.6799999	0.5867766
0.69999987	0.5861496
0.71999985	0.5855181
0.73999983	0.58488256
0.7599998	0.5842444
0.7799998	0.58360314
0.7999998	0.5829582
0.81999975	0.5823093
0.83999974	0.5816577
0.8599997	0.58100414
0.8799997	0.580348
0.8999997	0.57969105
0.91999966	0.5790335
0.93999964	0.578375
0.9599996	0.57771546
0.9799996	0.57705486
0.9999996	0.5763941
1.0199996	0.57573485
1.0399996	0.5750766
1.0599996	0.57441896
1.0799996	0.5737625
1.0999995	0.5731077
1.1199995	0.5724555
1.1399995	0.57180536
1.1599995	0.57115746
1.1799995	0.5705118
1.1999995	0.56986773
1.2199994	0.5692267
1.2399994	0.5685895
1.2599994	0.56795543
1.2799994	0.56732523
1.2999994	0.56669945
1.3199993	0.5660775
1.3399993	0.56545913
1.3599993	0.56484556
1.3799993	0.5642364
1.3999993	0.5636313
1.4199992	0.56303155
1.4399992	0.5624375
1.4599992	0.5618497
1.4799992	0.5612671
1.4999992	0.5606892
1.5199991	0.5601172
1.5399991	0.5595518
1.5599991	0.55899286
1.5799991	0.55843973
1.5999991	0.5578929
1.619999	0.5573517
1.639999	0.55681527
1.659999	0.55628383
1.679999	0.555758
1.699999	0.55523837
1.719999	0.5547238
1.7399989	0.55421454
1.7599989	0.5537108
1.7799989	0.5532114
1.7999989	0.5527166
1.8199989	0.5522276
1.8399988	0.55174434
1.8599988	0.55126727
1.8799988	0.5507963
1.8999988	0.5503303
1.9199988	0.54986954
1.9399987	0.54941404
1.9599987	0.54896384
1.9799987	0.5485196
1.9999987	0.5480806
2.0199988	0.5476462
2.0399988	0.54721725
2.0599988	0.5467948
2.0799987	0.54637843
2.0999987	0.5459666
2.1199987	0.5455605
2.1399987	0.5451612
2.1599987	0.5447673
2.1799986	0.54437923
2.1999986	0.5439973
2.2199986	0.54362035
2.2399986	0.5432478
2.2599986	0.5428809
2.2799985	0.5425198
2.2999985	0.5421622
2.3199985	0.5418075
2.3399985	0.5414568
2.3599985	0.54111135
2.3799984	0.540771
2.3999984	0.54043525
2.4199984	0.5401045
2.4399984	0.5397794
2.4599984	0.5394598
2.4799984	0.5391457
2.4999983	0.5388367
2.5199983	0.538533
2.5399983	0.53823376
2.5599983	0.5379387
2.5799983	0.53764796
2.5999982	0.5373621
2.6199982	0.5370809
2.6399982	0.5368031
2.6599982	0.53653026
2.6799982	0.5362625
2.6999981	0.53599846
2.7199981	0.5357393
2.739998	0.53548354
2.759998	0.5352311
2.779998	0.53498316
2.799998	0.5347396
2.819998	0.5345001
2.839998	0.5342644
2.859998	0.5340337
2.879998	0.5338075
2.899998	0.5335853
2.919998	0.5333672
2.939998	0.5331521
2.959998	0.5329405
2.9799979	0.5327336
2.9999979	0.53253144
3.0199978	0.5323331
3.0399978	0.5321379
3.0599978	0.53194696
3.0799978	0.53175944
3.0999978	0.531574
3.1199977	0.5313914
3.1399977	0.53121173
3.1599977	0.5310348
3.1799977	0.53086036
3.1999977	0.5306889
3.2199976	0.5305202
3.2399976	0.53035337
3.2599976	0.53018874
3.2799976	0.53002685
3.2999976	0.5298677
3.3199975	0.5297115
3.3399975	0.529558
3.3599975	0.5294077
3.3799975	0.5292603
3.3999975	0.5291153
3.4199975	0.52897394
3.4399974	0.52883613
3.4599974	0.5287008
3.4799974	0.52856773
3.4999974	0.52843636
3.5199974	0.52830744
3.5399973	0.5281817
3.5599973	0.5280597
3.5799973	0.52794147
3.5999973	0.5278259
3.6199973	0.52771294
3.6399972	0.52760315
3.6599972	0.5274959
3.6799972	0.5273912
3.6999972	0.52728856
3.7199972	0.52718693
3.7399971	0.52708733
3.7599971	0.5269902
3.779997	0.5268949
3.799997	0.5268014
3.819997	0.52671003
3.839997	0.5266211
3.859997	0.5265341
3.879997	0.5264482
3.899997	0.5263636
3.919997	0.5262798
3.939997	0.5261961
3.959997	0.5261121
3.979997	0.52602863
3.999997	0.52594614
4.019997	0.5258642
4.039997	0.525784
4.059997	0.52570564
4.079997	0.52562886
4.099997	0.5255538
4.119997	0.5254801
4.139997	0.525408
4.159997	0.5253374
4.179997	0.5252675
4.199997	0.5251985
4.219997	0.52513134
4.239997	0.5250665
4.259997	0.52500266
4.279997	0.52494
4.299997	0.5248793
4.319997	0.52481997
4.339997	0.5247622
4.359997	0.52470565
4.379997	0.524649
4.3999968	0.5245926
4.4199967	0.52453685
4.4399967	0.5244823
4.4599967	0.52442896
4.4799967	0.52437735
4.4999967	0.52432597
4.5199966	0.5242739
4.5399966	0.5242227
4.5599966	0.5241737
4.5799966	0.5241262
4.5999966	0.52408016
4.6199965	0.5240371
4.6399965	0.5239966
4.6599965	0.52395743
4.6799965	0.5239197
4.6999965	0.5238825
4.7199965	0.523845
4.7399964	0.5238073
4.7599964	0.5237702
4.7799964	0.52373433
4.7999964	0.5236993
4.8199964	0.5236644
4.8399963	0.52363026
4.8599963	0.5235972
4.8799963	0.5235644
4.8999963	0.52353156
4.9199963	0.52349937
4.9399962	0.52346754
4.959996	0.52343583
4.979996	0.5234053
4.999996	0.5233757
5.019996	0.52334565
5.039996	0.5233151
5.059996	0.5232842
5.079996	0.52325356
5.099996	0.5232235
5.119996	0.52319455
5.139996	0.52316654
5.159996	0.5231397
5.179996	0.5231137
5.199996	0.5230877
5.219996	0.5230621
5.239996	0.5230358
5.259996	0.52300936
5.279996	0.5229836
5.299996	0.52295893
5.319996	0.5229355
5.339996	0.52291274
5.359996	0.5228902
5.379996	0.52286935
5.399996	0.5228493
5.419996	0.5228293
5.439996	0.52280986
5.4599957	0.52279085
5.4799957	0.522773
5.4999957	0.5227565
5.5199957	0.52273995
5.5399957	0.52272415
5.5599957	0.52270985
5.5799956	0.5226963
5.5999956	0.52268344
5.6199956	0.5226703
5.6399956	0.522657
5.6599956	0.52264357
5.6799955	0.5226302
5.6999955	0.5226159
5.7199955	0.52260107
5.7399955	0.5225865
5.7599955	0.5225728
5.7799954	0.5225585
5.7999954	0.5225432
5.8199954	0.52252686
5.8399954	0.5225095
5.8599954	0.5224916
5.8799953	0.5224725
5.8999953	0.5224525
5.9199953	0.5224323
5.9399953	0.5224123
5.9599953	0.52239317
5.9799953	0.5223756
5.999995	0.5223582
6.019995	0.52234006
6.039995	0.52232164
6.059995	0.5223038
6.079995	0.52228713
6.099995	0.52227145
6.119995	0.52225626
6.139995	0.5222411
6.159995	0.5222263
6.179995	0.5222116
6.199995	0.52219737
6.219995	0.5221841
6.239995	0.5221698
6.259995	0.522155
6.279995	0.522141
6.299995	0.5221272
6.319995	0.5221136
6.339995	0.52210045
6.359995	0.5220883
6.379995	0.52207613
6.399995	0.52206314
6.419995	0.5220491
6.439995	0.522035
6.459995	0.5220208
6.479995	0.52200556
6.4999948	0.5219898
6.5199947	0.5219748
6.5399947	0.521961
6.5599947	0.5219487
6.5799947	0.521938
6.5999947	0.52192783
6.6199946	0.52191794
6.6399946	0.5219088
6.6599946	0.5219009
6.6799946	0.52189374
6.6999946	0.52188754
6.7199945	0.5218823
6.7399945	0.52187836
6.7599945	0.52187514
6.7799945	0.52187234
6.7999945	0.5218702
6.8199944	0.52186763
6.8399944	0.52186537
6.8599944	0.5218636
6.8799944	0.5218627
6.8999944	0.5218628
6.9199944	0.5218626
6.9399943	0.5218625
6.9599943	0.5218629
6.9799943	0.52186435
6.9999943	0.5218665
7.0199943	0.5218682
7.0399942	0.52187
7.059994	0.5218724
7.079994	0.5218748
7.099994	0.52187717
7.119994	0.5218793
7.139994	0.5218815
7.159994	0.52188396
7.179994	0.521887
7.199994	0.52189016
7.219994	0.521893
7.239994	0.5218944
7.259994	0.52189535
7.279994	0.5218971
7.299994	0.52189827
7.319994	0.5218977
7.339994	0.52189624
7.359994	0.5218953
7.379994	0.5218952
7.399994	0.52189493
7.419994	0.52189326
7.439994	0.52189046
7.459994	0.5218873
7.479994	0.52188444
7.499994	0.52188313
7.519994	0.52188283
7.539994	0.5218828
7.5599937	0.52188253
7.5799937	0.5218821
7.5999937	0.5218813
7.6199937	0.52188015
7.6399937	0.5218793
7.6599936	0.52187955
7.6799936	0.5218809
7.6999936	0.52188253
7.7199936	0.5218835
7.7399936	0.5218836
7.7599936	0.5218838
7.7799935	0.52188396
7.7999935	0.52188367
7.8199935	0.52188295
7.8399935	0.52188313
7.8599935	0.5218842
7.8799934	0.52188545
7.8999934	0.5218859
7.9199934	0.52188504
7.9399934	0.5218843
7.9599934	0.5218853
7.9799933	0.5218878
7.9999933	0.52189076
8.019994	0.5218943
8.039994	0.5218976
8.059995	0.52190137
8.079995	0.5219064
8.099996	0.5219113
8.119996	0.5219148
8.139997	0.52191746
8.159997	0.5219196
8.179997	0.52192104
8.199998	0.521922
8.219998	0.52192307
8.239999	0.5219246
8.259999	0.5219255
8.28	0.5219255
8.3	0.5219251
8.320001	0.52192426
8.340001	0.521924
8.360002	0.5219233
8.380002	0.5219225
8.4000025	0.52192324
8.420003	0.52192485
8.440003	0.52192736
8.460004	0.5219314
8.480004	0.52193636
8.500005	0.5219418
8.520005	0.5219468
8.540006	0.5219501
8.560006	0.5219534
8.580007	0.5219578
8.600007	0.52196264
8.6200075	0.5219669
8.640008	0.52197033
8.660008	0.5219736
8.680009	0.52197635
8.700009	0.5219782
8.72001	0.5219804
8.74001	0.5219834
8.760011	0.5219873
8.780011	0.521992
8.800012	0.52199775
8.820012	0.52200377
8.840013	0.52200997
8.860013	0.52201676
8.880013	0.5220235
8.900014	0.52203
8.920014	0.5220368
8.940015	0.5220439
8.960015	0.5220512
8.980016	0.52205765
9.000016	0.52206445
9.020017	0.5220711
9.040017	0.5220766
9.060018	0.52208245
9.080018	0.52208763
9.1000185	0.52209157
9.120019	0.5220951
9.140019	0.52209836
9.16002	0.52210164
9.18002	0.522104
9.200021	0.52210665
9.220021	0.52211106
9.240022	0.52211654
9.260022	0.52212274
9.280023	0.5221286
9.300023	0.52213454
9.320024	0.5221416
9.340024	0.52214885
9.360024	0.5221553
9.380025	0.52216107
9.400025	0.52216613
9.420026	0.5221706
9.440026	0.5221753
9.460027	0.52218044
9.480027	0.5221851
9.500028	0.52218914
9.520028	0.5221925
9.540029	0.5221943
9.560029	0.5221955
9.5800295	0.52219677
9.60003	0.5221981
9.62003	0.52219915
9.640031	0.5221996
9.660031	0.5221996
9.680032	0.5221987
9.700032	0.52219653
9.720033	0.5221932
9.740033	0.52218854
9.760034	0.5221826
9.780034	0.5221751
9.8000345	0.5221673
9.820035	0.522159
9.840035	0.5221508
9.860036	0.52214384
9.880036	0.52213645
9.900037	0.5221276
9.920037	0.52211803
9.940038	0.52210784
9.960038	0.5220972
9.980039	0.52208614
10.000039	0.5220757
10.02004	0.522066
10.04004	0.5220566
10.06004	0.5220474
10.080041	0.5220375
10.100041	0.52202743
10.120042	0.52201813
10.140042	0.5220091
10.160043	0.52199954
10.180043	0.52198946
10.200044	0.52197933
10.220044	0.5219693
10.240045	0.5219604
10.260045	0.5219518
10.2800455	0.52194285
10.300046	0.52193344
10.320046	0.521924
10.340047	0.5219139
10.360047	0.5219029
10.380048	0.5218926
10.400048	0.5218835
10.420049	0.5218756
10.440049	0.52186835
10.46005	0.5218607
10.48005	0.5218534
10.500051	0.5218471
10.520051	0.5218414
10.540051	0.52183676
10.560052	0.5218327
10.580052	0.5218286
10.600053	0.521824
10.620053	0.52181983
10.640054	0.52181685
10.660054	0.5218142
10.680055	0.52181256
10.700055	0.5218119
10.720056	0.5218116
10.740056	0.52181137
10.7600565	0.52181065
10.780057	0.52180934
10.800057	0.5218086
10.820058	0.521809
10.840058	0.52180904
10.860059	0.5218086
10.880059	0.52180815
10.90006	0.52180815
10.92006	0.52180856
10.940061	0.52180874
10.960061	0.5218093
10.980062	0.52181077
11.000062	0.5218121
11.020062	0.5218123
11.040063	0.52181137
11.060063	0.52180994
11.080064	0.5218086
11.100064	0.52180773
11.120065	0.52180654
11.140065	0.5218049
11.160066	0.52180314
11.180066	0.5218016
11.200067	0.52180094
11.220067	0.5218011
11.2400675	0.52180207
11.260068	0.52180326
11.280068	0.5218046
11.300069	0.52180547
11.320069	0.521806
11.34007	0.52180666
11.36007	0.52180755
11.380071	0.52180845
11.400071	0.5218091
11.420072	0.5218099
11.440072	0.5218102
11.4600725	0.5218103
11.480073	0.52181125
11.500073	0.5218129
11.520074	0.5218146
11.540074	0.521816
11.560075	0.5218167
11.580075	0.5218165
11.600076	0.5218165
11.620076	0.5218165
11.640077	0.52181554
11.660077	0.5218141
11.680078	0.5218117
11.700078	0.5218079
11.720078	0.52180356
11.740079	0.5217995
11.760079	0.52179515
11.78008	0.5217912
11.80008	0.52178746
11.820081	0.5217829
11.840081	0.5217787
11.860082	0.5217747
11.880082	0.5217701
11.900083	0.5217649
11.920083	0.5217592
11.9400835	0.52175385
11.960084	0.52174926
11.980084	0.52174497
12.000085	0.5217416
12.020085	0.5217391
12.040086	0.5217366
12.060086	0.5217352
12.080087	0.52173376
12.100087	0.5217328
12.120088	0.52173245
12.140088	0.5217315
12.160089	0.5217297
12.180089	0.52172804
12.200089	0.52172697
12.22009	0.5217252
12.24009	0.52172196
12.260091	0.5217185
12.280091	0.5217164
12.300092	0.5217155
12.320092	0.521715
12.340093	0.5217141
12.360093	0.52171236
12.380094	0.5217101
12.400094	0.52170694
12.4200945	0.52170384
12.440095	0.52170086
12.460095	0.5216986
12.480096	0.52169627
12.500096	0.5216937
12.520097	0.5216925
12.540097	0.5216919
12.560098	0.52169067
12.580098	0.52169
12.600099	0.5216911
12.620099	0.5216927
12.6401	0.521694
12.6601	0.5216952
12.6801	0.5216971
12.700101	0.5217001
12.720101	0.5217035
12.740102	0.5217069
12.760102	0.5217087
12.780103	0.52170956
12.800103	0.52171075
12.820104	0.52171195
12.840104	0.52171344
12.860105	0.52171564
12.880105	0.5217177
12.900105	0.521719
12.920106	0.52172047
12.940106	0.5217228
12.960107	0.5217257
12.980107	0.5217296
13.000108	0.5217349
13.020108	0.52174115
13.040109	0.52174765
13.060109	0.521754
13.08011	0.521761
13.10011	0.5217689
13.1201105	0.5217767
13.140111	0.5217838
13.160111	0.52179027
13.180112	0.5217967
13.200112	0.5218031
13.220113	0.5218086
13.240113	0.52181363
13.260114	0.5218187
13.280114	0.52182436
13.300115	0.52183026
13.320115	0.52183473
13.340116	0.52183795
13.360116	0.521841
13.380116	0.521844
13.400117	0.52184725
13.420117	0.5218498
13.440118	0.5218518
13.460118	0.5218538
13.480119	0.5218556
13.500119	0.5218572
13.52012	0.52185917
13.54012	0.521861
13.560121	0.5218628
13.580121	0.5218651
13.6001215	0.52186847
13.620122	0.5218722
13.640122	0.52187586
13.660123	0.5218801
13.680123	0.5218848
13.700124	0.521889
13.720124	0.5218929
13.740125	0.5218972
13.760125	0.5219026
13.780126	0.52190924
13.800126	0.5219146
13.820127	0.5219188
13.840127	0.52192295
13.860127	0.5219271
13.880128	0.5219315
13.900128	0.5219375
13.920129	0.5219446
13.940129	0.52195036
13.96013	0.5219546
13.98013	0.52195853
14.000131	0.5219618
14.020131	0.52196515
14.040132	0.52196944
14.060132	0.5219739
14.0801325	0.52197784
14.100133	0.5219817
14.120133	0.5219866
14.140134	0.5219923
14.160134	0.5219978
14.180135	0.52200204
14.200135	0.52200645
14.220136	0.52201116
14.240136	0.522015
14.260137	0.52201825
14.280137	0.52202165
14.3001375	0.52202576
14.320138	0.52202976
14.340138	0.52203476
14.360139	0.52204067
14.380139	0.52204597
14.40014	0.52205145
14.42014	0.52205634
14.440141	0.5220597
14.460141	0.52206236
14.480142	0.5220638
14.500142	0.5220635
14.520143	0.5220624
14.540143	0.5220618
14.560143	0.52206194
14.580144	0.52206266
14.600144	0.5220636
14.620145	0.5220648
14.640145	0.5220666
14.660146	0.52206826
14.680146	0.5220697
14.700147	0.52207124
14.720147	0.52207243
14.740148	0.5220732
14.760148	0.522075
14.7801485	0.5220773
14.800149	0.52207935
14.820149	0.52208126
14.84015	0.5220835
14.86015	0.5220859
14.880151	0.5220876
14.900151	0.5220878
14.920152	0.5220874
14.940152	0.522088
14.960153	0.52208835
14.980153	0.5220873
15.000154	0.5220859
15.020154	0.5220853
15.040154	0.5220849
15.060155	0.5220839
15.080155	0.5220826
15.100156	0.52208114
15.120156	0.5220791
15.140157	0.52207685
15.160157	0.5220739
15.180158	0.5220703
15.200158	0.52206653
15.220159	0.5220624
15.240159	0.5220571
15.2601595	0.52205145
15.28016	0.52204555
15.30016	0.5220393
15.320161	0.52203256
15.340161	0.5220262
15.360162	0.5220189
15.380162	0.5220113
15.400163	0.5220039
15.420163	0.5219964
15.440164	0.5219892
15.460164	0.52198267
15.480165	0.5219773
15.500165	0.5219716
15.520165	0.52196586
15.540166	0.5219599
15.560166	0.52195275
15.580167	0.5219455
15.600167	0.5219388
15.620168	0.52193344
15.640168	0.5219281
15.660169	0.5219212
15.680169	0.5219148
15.70017	0.5219095
15.72017	0.5219048
15.7401705	0.52190065
15.760171	0.52189666
15.780171	0.5218925
15.800172	0.5218879
15.820172	0.52188325
15.840173	0.5218796
15.860173	0.5218757
15.880174	0.5218699
15.900174	0.5218628
15.920175	0.5218558
15.940175	0.52185017
15.9601755	0.52184576
15.980176	0.52184236
16.000175	0.52184
16.020176	0.5218378
16.040176	0.5218351
16.060177	0.52183247
16.080177	0.52183044
16.100178	0.5218291
16.120178	0.52182794
16.140179	0.5218276
16.16018	0.52182835
16.18018	0.5218289
16.20018	0.5218291
16.22018	0.52182937
16.240181	0.52183104
16.260181	0.5218342
16.280182	0.52183706
16.300182	0.52183926
16.320183	0.52184224
16.340183	0.52184606
16.360184	0.52184904
16.380184	0.52185225
16.400185	0.52185583
16.420185	0.5218587
16.440186	0.521861
16.460186	0.52186275
16.480186	0.52186465
16.500187	0.52186704
16.520187	0.52187085
16.540188	0.5218762
16.560188	0.5218821
16.580189	0.52188784
16.60019	0.5218934
16.62019	0.5218985
16.64019	0.5219031
16.66019	0.52190685
16.680191	0.52191055
16.700191	0.5219139
16.720192	0.5219158
16.740192	0.52191657
16.760193	0.52191675
16.780193	0.52191615
16.800194	0.52191544
16.820194	0.52191484
16.840195	0.521914
16.860195	0.52191347
16.880196	0.521914
16.900196	0.5219152
16.920197	0.5219159
16.940197	0.52191615
16.960197	0.5219155
16.980198	0.52191484
17.000198	0.52191377
17.020199	0.52191186
17.0402	0.521909
17.0602	0.5219053
17.0802	0.52190125
17.1002	0.5218971
17.120201	0.52189326
17.140202	0.5218898
17.160202	0.521886
17.180202	0.5218822
17.200203	0.5218789
17.220203	0.5218762
17.240204	0.5218735
17.260204	0.5218709
17.280205	0.5218682
17.300205	0.5218649
17.320206	0.52186143
17.340206	0.5218576
17.360207	0.5218534
17.380207	0.5218492
17.400208	0.52184474
17.420208	0.5218408
17.440208	0.5218382
17.460209	0.5218359
17.48021	0.52183294
17.50021	0.5218301
17.52021	0.52182853
17.54021	0.52182734
17.560211	0.5218266
17.580212	0.5218263
17.600212	0.52182573
17.620213	0.521826
17.640213	0.52182746
17.660213	0.52182907
17.680214	0.52183086
17.700214	0.5218334
17.720215	0.52183604
17.740215	0.52183735
17.760216	0.5218377
17.780216	0.52183765
17.800217	0.5218376
17.820217	0.5218372
17.840218	0.5218371
17.860218	0.52183855
17.880219	0.52184093
17.900219	0.5218432
17.92022	0.52184534
17.94022	0.52184796
17.96022	0.52185136
17.98022	0.521855
18.000221	0.5218581
18.020222	0.5218617
18.040222	0.5218662
18.060223	0.52187103
18.080223	0.5218759
18.100224	0.5218811
18.120224	0.52188635
18.140224	0.5218924
18.160225	0.5218992
18.180225	0.52190614
18.200226	0.52191424
18.220226	0.5219226
18.240227	0.52192974
18.260227	0.52193666
18.280228	0.52194357
18.300228	0.52194965
18.320229	0.52195513
18.340229	0.5219603
18.36023	0.5219667
18.38023	0.5219736
18.40023	0.52198035
18.42023	0.5219871
18.440231	0.5219934
18.460232	0.5219989
18.480232	0.5220047
18.500233	0.5220104
18.520233	0.5220147
18.540234	0.52201855
18.560234	0.52202284
18.580235	0.5220271
18.600235	0.52203155
18.620235	0.52203625
18.640236	0.52204084
18.660236	0.5220444
18.680237	0.52204704
18.700237	0.5220503
18.720238	0.52205336
18.740238	0.52205575
18.760239	0.5220587
18.78024	0.52206177
18.80024	0.5220643
18.82024	0.52206767
18.84024	0.52207124
18.86024	0.52207446
18.880241	0.52207726
18.900242	0.52207905
18.920242	0.5220805
18.940243	0.522082
18.960243	0.5220833
18.980244	0.52208424
19.000244	0.5220849
19.020245	0.5220854
19.040245	0.5220861
19.060246	0.52208734
19.080246	0.52208996
19.100246	0.52209365
19.120247	0.5220982
19.140247	0.5221027
19.160248	0.5221066
19.180248	0.5221102
19.200249	0.5221143
19.22025	0.52211833
19.24025	0.522122
19.26025	0.5221255
19.28025	0.52212906
19.300251	0.5221329
19.320251	0.5221361
19.340252	0.522139
19.360252	0.5221414
19.380253	0.5221422
19.400253	0.52214265
19.420254	0.5221431
19.440254	0.5221439
19.460255	0.5221456
19.480255	0.5221486
19.500256	0.5221525
19.520256	0.5221577
19.540257	0.5221636
19.560257	0.5221696
19.580257	0.5221765
19.600258	0.52218395
19.620258	0.52219146
19.640259	0.52219874
19.66026	0.52220595
19.68026	0.5222136
19.70026	0.52222127
19.72026	0.5222288
19.740261	0.5222368
19.760262	0.5222444
19.780262	0.5222515
19.800262	0.5222588
19.820263	0.52226615
19.840263	0.52227324
19.860264	0.5222808
19.880264	0.5222891
19.900265	0.5222969
19.920265	0.5223043
19.940266	0.522311
19.960266	0.5223174
19.980267	0.5223231
20.000267	0.52232695
20.020267	0.52233016
20.040268	0.5223335
20.060268	0.5223377
20.080269	0.52234226
20.10027	0.5223467
20.12027	0.5223509
20.14027	0.5223545
20.16027	0.5223574
20.180271	0.5223604
20.200272	0.5223634
20.220272	0.5223653
20.240273	0.5223658
20.260273	0.5223659
20.280273	0.5223659
20.300274	0.5223655
20.320274	0.52236396
20.340275	0.5223613
20.360275	0.522357
20.380276	0.52235264
20.400276	0.52234876
20.420277	0.5223446
20.440277	0.52233994
20.460278	0.52233523
20.480278	0.52233136
20.500278	0.52232826
20.520279	0.5223263
20.54028	0.5223252
20.56028	0.52232426
20.58028	0.5223237
20.60028	0.52232254
20.620281	0.5223215
20.640282	0.52232194
20.660282	0.5223228
20.680283	0.52232283
20.700283	0.52232224
20.720284	0.52232087
20.740284	0.5223193
20.760284	0.52231824
20.780285	0.5223171
20.800285	0.522316
20.820286	0.5223148
20.840286	0.52231276
20.860287	0.5223101
20.880287	0.52230775
20.900288	0.5223061
20.920288	0.52230597
20.940289	0.522307
20.960289	0.5223087
20.98029	0.52231073
21.00029	0.52231294
21.02029	0.5223156
21.04029	0.52231836
21.060291	0.52232045
21.080292	0.52232164
21.100292	0.5223228
21.120293	0.5223248
21.140293	0.5223274
21.160294	0.52233005
21.180294	0.52233243
21.200294	0.5223352
21.220295	0.5223373
21.240295	0.5223379
21.260296	0.5223372
21.280296	0.52233577
21.300297	0.5223341
21.320297	0.5223321
21.340298	0.5223297
21.360298	0.5223274
21.380299	0.5223248
21.4003	0.5223212
21.4203	0.52231747
21.4403	0.52231336
21.4603	0.52230835
21.4803	0.5223022
21.500301	0.52229583
21.520302	0.5222899
21.540302	0.5222838
21.560303	0.52227706
21.580303	0.52226925
21.600304	0.5222604
21.620304	0.52225137
21.640305	0.52224225
21.660305	0.522233
21.680305	0.52222276
21.700306	0.522212
21.720306	0.52220124
21.740307	0.522191
21.760307	0.52218175
21.780308	0.52217203
21.800308	0.5221627
21.820309	0.52215326
21.84031	0.5221434
21.86031	0.52213466
21.88031	0.5221269
21.90031	0.5221189
21.920311	0.52211154
21.940311	0.5221058
21.960312	0.5221007
21.980312	0.5220953
22.000313	0.5220896
22.020313	0.5220833
22.040314	0.5220769
22.060314	0.5220716
22.080315	0.5220666
22.100315	0.522061
22.120316	0.5220553
22.140316	0.5220513
22.160316	0.5220481
22.180317	0.5220445
22.200317	0.5220406
22.220318	0.5220361
22.240318	0.52203095
22.260319	0.52202547
22.28032	0.5220194
22.30032	0.5220133
22.32032	0.5220077
22.34032	0.52200127
22.360321	0.52199423
22.380322	0.52198744
22.400322	0.52198
22.420322	0.5219716
22.440323	0.5219623
22.460323	0.5219527
22.480324	0.5219421
22.500324	0.5219317
22.520325	0.52192247
22.540325	0.52191377
22.560326	0.52190554
22.580326	0.52189803
22.600327	0.5218893
22.620327	0.5218793
22.640327	0.5218707
22.660328	0.5218636
22.680328	0.52185655
22.700329	0.52184963
22.72033	0.5218438
22.74033	0.52183926
22.76033	0.5218349
22.78033	0.5218307
22.800331	0.521826
22.820332	0.5218208
22.840332	0.5218146
22.860332	0.5218077
22.880333	0.52180123
22.900333	0.5217948
22.920334	0.5217884
22.940334	0.52178156
22.960335	0.5217741
22.980335	0.5217677
23.000336	0.5217623
23.020336	0.5217572
23.040337	0.5217519
23.060337	0.5217472
23.080338	0.5217426
23.100338	0.52173716
23.120338	0.5217315
23.140339	0.52172637
23.16034	0.5217203
23.18034	0.52171355
23.20034	0.5217084
23.22034	0.5217047
23.240341	0.52170134
23.260342	0.5216993
23.280342	0.5216987
23.300343	0.52169883
23.320343	0.5216998
23.340343	0.5217017
23.360344	0.52170426
23.380344	0.52170706
23.400345	0.52171004
23.420345	0.52171445
23.440346	0.52172035
23.460346	0.5217266
23.480347	0.5217345
23.500347	0.5217442
23.520348	0.52175397
23.540348	0.52176285
23.560349	0.52177095
23.580349	0.5217781
23.60035	0.52178574
23.62035	0.52179354
23.64035	0.5218003
23.66035	0.5218069
23.680351	0.52181387
23.700352	0.5218215
23.720352	0.5218294
23.740353	0.5218377
23.760353	0.5218462
23.780354	0.521854
23.800354	0.52186185
23.820354	0.52187026
23.840355	0.5218798
23.860355	0.52188945
23.880356	0.521898
23.900356	0.52190584
23.920357	0.5219141
23.940357	0.5219234
23.960358	0.5219324
23.980358	0.5219417
24.000359	0.5219517
24.020359	0.5219605
24.04036	0.52196854
24.06036	0.52197605
24.08036	0.52198404
24.10036	0.5219929
24.120361	0.5220016
24.140362	0.52201027
24.160362	0.52201915
24.180363	0.52202725
24.200363	0.5220342
24.220364	0.5220398
24.240364	0.5220448
24.260365	0.5220495
24.280365	0.52205354
24.300365	0.52205616
24.320366	0.52205825
24.340366	0.5220598
24.360367	0.5220599
24.380367	0.52205956
24.400368	0.5220599
24.420368	0.52206117
24.440369	0.52206254
24.46037	0.5220643
24.48037	0.5220665
24.50037	0.5220687
24.52037	0.52207065
24.54037	0.5220724
24.560371	0.5220731
24.580372	0.52207285
24.600372	0.522072
24.620373	0.522071
24.640373	0.52207065
24.660374	0.52207035
24.680374	0.5220701
24.700375	0.52207017
24.720375	0.5220701
24.740376	0.52207065
24.760376	0.5220719
24.780376	0.5220734
24.800377	0.52207565
24.820377	0.5220782
24.840378	0.52208024
24.860378	0.5220812
24.880379	0.5220816
24.90038	0.5220822
24.92038	0.5220834
24.94038	0.52208596
24.96038	0.5220892
24.980381	0.522092
25.000381	0.52209425
25.020382	0.52209675
25.040382	0.5220996
25.060383	0.52210164
25.080383	0.52210337
25.100384	0.5221053
25.120384	0.522107
25.140385	0.52210903
25.160385	0.52211106
25.180386	0.52211237
25.200386	0.52211326
25.220387	0.52211356
25.240387	0.5221133
25.260387	0.5221138
25.280388	0.52211404
25.300388	0.522113
25.320389	0.52211225
25.34039	0.5221116
25.36039	0.522111
25.38039	0.52211076
25.40039	0.52211046
25.420391	0.5221096
25.440392	0.52210844
25.460392	0.52210784
25.480392	0.52210796
25.500393	0.5221088
25.520393	0.5221103
25.540394	0.52211195
25.560394	0.5221132
25.580395	0.5221141
25.600395	0.5221145
25.620396	0.5221143
25.640396	0.5221131
25.660397	0.5221119
25.680397	0.52211195
25.700397	0.5221125
25.720398	0.52211237
25.740398	0.5221119
25.760399	0.5221119
25.7804	0.52211225
25.8004	0.52211285
25.8204	0.5221141
25.8404	0.5221156
25.860401	0.5221168
25.880402	0.522118
25.900402	0.52211934
25.920403	0.52212
25.940403	0.52212024
25.960403	0.52212036
25.980404	0.5221201
26.000404	0.52212006
26.020405	0.52212
26.040405	0.5221188
26.060406	0.5221173
26.080406	0.5221162
26.100407	0.52211535
26.120407	0.52211535
26.140408	0.5221157
26.160408	0.5221151
26.180408	0.522113
26.200409	0.5221106
26.22041	0.52210844
26.24041	0.5221064
26.26041	0.52210397
26.28041	0.5221009
26.300411	0.52209663
26.320412	0.52209127
26.340412	0.5220864
26.360413	0.52208173
26.380413	0.5220779
26.400414	0.52207524
26.420414	0.52207303
26.440414	0.52207065
26.460415	0.5220685
26.480415	0.5220659
26.500416	0.5220627
26.520416	0.522059
26.540417	0.52205485
26.560417	0.5220512
26.580418	0.5220479
26.600418	0.5220451
26.620419	0.52204156
26.640419	0.5220374
26.66042	0.5220332
26.68042	0.5220293
26.70042	0.52202374
26.72042	0.52201766
26.740421	0.522012
26.760422	0.5220066
26.780422	0.522002
26.800423	0.5219975
26.820423	0.52199244
26.840424	0.52198684
26.860424	0.5219823
26.880424	0.5219786
26.900425	0.52197456
26.920425	0.5219695
26.940426	0.52196455
26.960426	0.52196074
26.980427	0.52195776
27.000427	0.52195513
27.020428	0.5219531
27.040428	0.5219515
27.060429	0.5219499
27.08043	0.52194864
27.10043	0.5219475
27.12043	0.5219462
27.14043	0.5219451
27.16043	0.52194494
27.180431	0.5219457
27.200432	0.5219468
27.220432	0.52194834
27.240433	0.5219502
27.260433	0.52195215
27.280434	0.5219536
27.300434	0.5219537
27.320435	0.5219533
27.340435	0.52195275
27.360435	0.52195215
27.380436	0.5219517
27.400436	0.5219503
27.420437	0.5219482
27.440437	0.52194583
27.460438	0.5219432
27.480438	0.52194
27.500439	0.52193654
27.52044	0.5219337
27.54044	0.5219305
27.56044	0.52192736
27.58044	0.52192366
27.600441	0.52191925
27.620441	0.52191484
27.640442	0.5219101
27.660442	0.52190536
27.680443	0.52190053
27.700443	0.5218955
27.720444	0.52188945
27.740444	0.5218824
27.760445	0.5218755
27.780445	0.5218693
27.800446	0.52186435
27.820446	0.5218597
27.840446	0.5218551
27.860447	0.52185154
27.880447	0.5218479
27.900448	0.52184415
27.920448	0.52184176
27.940449	0.5218403
27.96045	0.52183884
27.98045	0.5218374
28.00045	0.521836
28.02045	0.5218339
28.040451	0.52183115
28.060452	0.52182865
28.080452	0.52182734
28.100452	0.521827
28.120453	0.5218271
28.140453	0.52182734
28.160454	0.52182794
28.180454	0.521829
28.200455	0.52183104
28.220455	0.5218339
28.240456	0.5218369
28.260456	0.5218404
28.280457	0.5218437
28.300457	0.52184665
28.320457	0.52184933
28.340458	0.5218519
28.360458	0.5218551
28.380459	0.5218589
28.40046	0.52186286
28.42046	0.5218667
28.44046	0.52187014
28.46046	0.5218735
28.480461	0.5218772
28.500462	0.52188134
28.520462	0.5218854
28.540462	0.5218891
28.560463	0.5218921
28.580463	0.52189493
28.600464	0.521898
28.620464	0.5219012
28.640465	0.521904
28.660465	0.5219054
28.680466	0.5219061
28.700466	0.5219061
28.720467	0.521906
28.740467	0.52190644
28.760468	0.5219071
28.780468	0.52190864
28.800468	0.52191156
28.820469	0.5219157
28.84047	0.52191925
28.86047	0.52192235
28.88047	0.52192545
28.90047	0.5219267
28.920471	0.52192676
28.940472	0.52192706
28.960472	0.5219271
28.980473	0.5219279
29.000473	0.52192897
29.020473	0.52192914
29.040474	0.52192867
29.060474	0.5219278
29.080475	0.52192706
29.100475	0.5219264
29.120476	0.52192605
29.140476	0.52192616
29.160477	0.5219265
29.180477	0.52192736
29.200478	0.5219289
29.220478	0.5219304
29.240479	0.52193165
29.260479	0.5219334
29.28048	0.52193606
29.30048	0.52193916
29.32048	0.5219419
29.34048	0.5219454
29.360481	0.52194995
29.380482	0.5219545
29.400482	0.52195895
29.420483	0.5219623
29.440483	0.5219654
29.460484	0.52196836
29.480484	0.5219705
29.500484	0.5219729
29.520485	0.5219755
29.540485	0.5219784
29.560486	0.52198184
29.580486	0.5219867
29.600487	0.5219936
29.620487	0.52200055
29.640488	0.5220065
29.660488	0.5220115
29.680489	0.52201545
29.700489	0.5220195
29.72049	0.5220238
29.74049	0.52202713
29.76049	0.5220288
29.78049	0.5220292
29.800491	0.5220294
29.820492	0.5220287
29.840492	0.52202785
29.860493	0.52202725
29.880493	0.52202696
29.900494	0.5220263
29.920494	0.52202517
29.940495	0.5220225
29.960495	0.5220178
29.980495	0.52201295
30.000496	0.5220082
30.020496	0.5220041
30.040497	0.5220009
30.060497	0.52199787
30.080498	0.5219956
30.100498	0.521994
30.120499	0.5219931
30.1405	0.521992
30.1605	0.5219896
30.1805	0.521987
30.2005	0.5219847
30.2205	0.5219821
30.240501	0.5219797
30.260502	0.52197725
30.280502	0.5219738
30.300503	0.52197
30.320503	0.52196556
30.340504	0.5219608
30.360504	0.5219569
30.380505	0.52195406
30.400505	0.5219518
30.420506	0.5219498
30.440506	0.5219481
30.460506	0.52194595
30.480507	0.52194256
30.500507	0.52193815
30.520508	0.5219339
30.540508	0.5219301
30.560509	0.5219261
30.58051	0.5219222
30.60051	0.5219176
30.62051	0.52191174
30.64051	0.5219059
30.660511	0.52190083
30.680511	0.5218963
30.700512	0.521892
30.720512	0.5218874
30.740513	0.521883
30.760513	0.52188003
30.780514	0.5218774
30.800514	0.521874
30.820515	0.52187115
30.840515	0.52186805
30.860516	0.52186346
30.880516	0.5218574
30.900517	0.5218509
30.920517	0.521845
30.940517	0.5218395
30.960518	0.52183515
30.980518	0.52183175
31.000519	0.5218294
31.02052	0.5218266
31.04052	0.5218233
31.06052	0.5218203
31.08052	0.52181774
31.100521	0.52181536
31.120522	0.52181387
31.140522	0.52181375
31.160522	0.52181363
31.180523	0.5218128
31.200523	0.5218113
31.220524	0.5218097
31.240524	0.5218079
31.260525	0.52180517
31.280525	0.52180207
31.300526	0.52179897
31.320526	0.5217962
31.340527	0.5217936
31.360527	0.5217906
31.380527	0.5217881
31.400528	0.52178633
31.420528	0.5217848
31.440529	0.52178335
31.46053	0.5217823
31.48053	0.5217812
31.50053	0.5217792
31.52053	0.5217755
31.540531	0.52177083
31.560532	0.5217662
31.580532	0.5217613
31.600533	0.5217558
31.620533	0.5217508
31.640533	0.52174526
31.660534	0.5217397
31.680534	0.5217339
31.700535	0.5217277
31.720535	0.5217218
31.740536	0.5217154
31.760536	0.52170986
31.780537	0.5217041
31.800537	0.52169704
31.820538	0.5216901
31.840538	0.521683
31.860538	0.52167577
31.880539	0.5216692
31.90054	0.5216637
31.92054	0.5216592
31.94054	0.5216557
31.96054	0.5216526
31.980541	0.5216489
32.00054	0.52164555
32.020542	0.521644
32.040543	0.52164316
32.060543	0.5216432
32.080544	0.5216441
32.100544	0.5216446
32.120544	0.5216445
32.140545	0.52164483
32.160545	0.5216451
32.180546	0.5216446
32.200546	0.52164364
32.220547	0.52164316
32.240547	0.5216437
32.260548	0.52164555
32.28055	0.52164733
32.30055	0.52164936
32.32055	0.521652
32.34055	0.52165437
32.36055	0.52165675
32.38055	0.5216594
32.40055	0.52166235
32.42055	0.5216656
32.44055	0.5216696
32.460552	0.5216734
32.480553	0.52167624
32.500553	0.5216795
32.520554	0.52168447
32.540554	0.5216902
32.560555	0.52169514
32.580555	0.5216995
32.600555	0.5217032
32.620556	0.52170646
32.640556	0.52170926
32.660557	0.5217114
32.680557	0.52171373
32.700558	0.5217171
32.72056	0.5217223
32.74056	0.5217295
32.76056	0.5217359
32.78056	0.52174026
32.80056	0.52174455
32.82056	0.5217494
32.84056	0.5217536
32.86056	0.52175826
32.88056	0.52176344
32.900562	0.52176905
32.920563	0.52177453
32.940563	0.52177894
32.960564	0.52178293
32.980564	0.52178705
33.000565	0.5217918
33.020565	0.52179664
33.040565	0.52179956
33.060566	0.5218017
33.080566	0.5218053
33.100567	0.52180994
33.120567	0.5218137
33.140568	0.5218162
33.16057	0.5218182
33.18057	0.52182066
33.20057	0.52182347
33.22057	0.52182627
33.24057	0.5218276
33.26057	0.5218281
33.28057	0.5218291
33.30057	0.5218302
33.32057	0.5218308
33.340572	0.52183115
33.360573	0.5218308
33.380573	0.5218295
33.400574	0.521828
33.420574	0.5218272
33.440575	0.5218267
33.460575	0.5218262
33.480576	0.521827
33.500576	0.5218291
33.520576	0.5218315
33.540577	0.5218339
33.560577	0.52183664
33.580578	0.52183974
33.60058	0.5218426
33.62058	0.52184546
33.64058	0.5218493
33.66058	0.5218532
33.68058	0.5218571
33.70058	0.52186084
33.72058	0.521865
33.74058	0.5218692
33.760582	0.52187324
33.780582	0.52187824
33.800583	0.521883
33.820583	0.52188706
33.840584	0.5218907
33.860584	0.5218937
33.880585	0.5218965
33.900585	0.5218994
33.920586	0.5219034
33.940586	0.52190876
33.960587	0.5219139
33.980587	0.5219192
34.000587	0.5219249
34.020588	0.52193123
34.04059	0.52193725
34.06059	0.5219425
34.08059	0.52194804
34.10059	0.52195346
34.12059	0.52195907
34.14059	0.52196467
34.16059	0.52196944
34.18059	0.5219739
34.200592	0.5219787
34.220592	0.5219832
34.240593	0.52198714
34.260593	0.52199066
34.280594	0.52199453
34.300594	0.5219989
34.320595	0.52200276
34.340595	0.52200633
34.360596	0.52201056
34.380596	0.5220156
34.400597	0.5220212
34.420597	0.52202696
34.440598	0.52203214
34.460598	0.52203655
34.4806	0.5220398
34.5006	0.52204204
34.5206	0.52204454
34.5406	0.52204794
34.5606	0.5220523
34.5806	0.5220571
34.6006	0.5220618
34.6206	0.5220663
34.640602	0.5220705
34.660603	0.5220736
34.680603	0.52207494
34.700603	0.5220754
34.720604	0.52207524
34.740604	0.52207494
34.760605	0.52207506
34.780605	0.5220746
34.800606	0.5220738
34.820606	0.52207327
34.840607	0.5220728
34.860607	0.522072
34.880608	0.52207124
34.900608	0.5220703
34.92061	0.52206945
34.94061	0.5220686
34.96061	0.52206874
34.98061	0.52206975
35.00061	0.5220705
35.02061	0.52207136
35.04061	0.52207154
35.06061	0.52207106
35.080612	0.52207136
35.100613	0.5220715
35.120613	0.5220708
35.140614	0.5220705
35.160614	0.52207005
35.180614	0.5220705
35.200615	0.5220715
35.220615	0.5220727
35.240616	0.5220742
35.260616	0.5220759
35.280617	0.52207637
35.300617	0.5220759
35.320618	0.52207553
35.34062	0.5220752
35.36062	0.5220754
35.38062	0.52207494
35.40062	0.52207327
35.42062	0.5220704
35.44062	0.52206624
35.46062	0.5220622
35.48062	0.52205944
35.50062	0.52205765
35.520622	0.52205646
35.540623	0.52205604
35.560623	0.52205575
35.580624	0.52205545
35.600624	0.52205515
35.620625	0.5220546
35.640625	0.5220535
35.660625	0.5220519
35.680626	0.52205
35.700626	0.52204865
35.720627	0.52204657
35.740627	0.52204394
35.760628	0.522041
35.78063	0.5220373
35.80063	0.5220334
35.82063	0.52202916
35.84063	0.5220241
35.86063	0.5220188
35.88063	0.5220138
35.90063	0.5220082
35.92063	0.5220026
35.94063	0.5219978
35.960632	0.52199435
35.980633	0.5219922
36.000633	0.5219904
36.020634	0.5219886
36.040634	0.5219867
36.060635	0.52198404
36.080635	0.5219792
36.100636	0.52197367
36.120636	0.5219681
36.140636	0.5219621
36.160637	0.52195626
36.180637	0.52195114
36.200638	0.5219464
36.22064	0.5219409
36.24064	0.521935
36.26064	0.52192867
36.28064	0.5219226
36.30064	0.52191794
36.32064	0.5219147
36.34064	0.5219115
36.36064	0.52190816
36.380642	0.5219054
36.400642	0.5219041
36.420643	0.52190405
36.440643	0.5219034
36.460644	0.5219024
36.480644	0.5219007
36.500645	0.5218992
36.520645	0.5218979
36.540646	0.521896
36.560646	0.5218942
36.580647	0.52189326
36.600647	0.5218928
36.620647	0.5218921
36.640648	0.5218902
36.66065	0.5218869
36.68065	0.5218828
36.70065	0.5218791
36.72065	0.521875
36.74065	0.52187085
36.76065	0.52186775
36.78065	0.5218655
36.80065	0.52186346
36.820652	0.52186215
36.840652	0.52186096
36.860653	0.52185977
36.880653	0.52185875
36.900654	0.5218581
36.920654	0.52185726
36.940655	0.5218571
36.960655	0.5218575
36.980656	0.52185833
37.000656	0.52185893
37.020657	0.5218588
37.040657	0.52185833
37.060658	0.5218578
37.080658	0.5218576
37.10066	0.5218574
37.12066	0.52185667
37.14066	0.52185553
37.16066	0.5218549
37.18066	0.5218556
37.20066	0.5218566
37.22066	0.5218565
37.24066	0.5218555
37.260662	0.5218545
37.280663	0.5218547
37.300663	0.52185535
37.320663	0.5218553
37.340664	0.52185535
37.360664	0.5218562
37.380665	0.52185714
37.400665	0.52185816
37.420666	0.52186
37.440666	0.52186185
37.460667	0.5218636
37.480667	0.52186453
37.500668	0.52186453
37.520668	0.52186334
37.54067	0.5218619
37.56067	0.5218605
37.58067	0.5218599
37.60067	0.5218605
37.62067	0.52186155
37.64067	0.5218631
37.66067	0.5218638
37.68067	0.5218639
37.700672	0.5218639
37.720673	0.52186394
37.740673	0.5218642
37.760674	0.5218646
37.780674	0.5218644
37.800674	0.5218636
37.820675	0.52186334
37.840675	0.52186406
37.860676	0.52186537
37.880676	0.5218669
37.900677	0.5218686
37.920677	0.521871
37.940678	0.52187407
37.96068	0.5218779
37.98068	0.52188087
38.00068	0.5218836
38.02068	0.5218863
38.04068	0.52188885
38.06068	0.52189165
38.08068	0.52189326
38.10068	0.5218939
38.12068	0.5218946
38.140682	0.5218948
38.160683	0.52189493
38.180683	0.5218949
38.200684	0.52189374
38.220684	0.52189136
38.240685	0.5218885
38.260685	0.52188635
38.280685	0.5218839
38.300686	0.521881
38.320686	0.5218781
38.340687	0.5218756
38.360687	0.52187395
38.380688	0.5218732
38.40069	0.5218723
38.42069	0.5218713
38.44069	0.52187186
38.46069	0.5218727
38.48069	0.52187276
38.50069	0.52187246
38.52069	0.52187175
38.54069	0.5218706
38.56069	0.52187014
38.580692	0.52186954
38.600693	0.521868
38.620693	0.5218668
38.640694	0.52186525
38.660694	0.5218637
38.680695	0.5218626
38.700695	0.5218613
38.720695	0.52186024
38.740696	0.5218599
38.760696	0.52186096
38.780697	0.52186364
38.800697	0.52186775
38.820698	0.521873
38.8407	0.5218783
38.8607	0.52188396
38.8807	0.52189
38.9007	0.521895
38.9207	0.52189904
38.9407	0.5219035
38.9607	0.52190787
38.9807	0.5219116
39.0007	0.5219147
39.020702	0.5219166
39.040703	0.5219178
39.060703	0.52191937
39.080704	0.52192104
39.100704	0.5219227
39.120705	0.5219251
39.140705	0.5219275
39.160706	0.52192986
39.180706	0.52193236
39.200706	0.521935
39.220707	0.52193666
39.240707	0.5219364
39.260708	0.5219356
39.28071	0.5219351
39.30071	0.521934
39.32071	0.5219325
39.34071	0.5219302
39.36071	0.5219274
39.38071	0.52192473
39.40071	0.521922
39.42071	0.5219193
39.440712	0.5219164
39.460712	0.521914
39.480713	0.52191126
39.500713	0.52190924
39.520714	0.52190924
39.540714	0.52191186
39.560715	0.5219162
39.580715	0.52192056
39.600716	0.52192545
39.620716	0.5219306
39.640717	0.521936
39.660717	0.5219412
39.680717	0.52194536
39.700718	0.5219485
39.72072	0.5219511
39.74072	0.52195364
39.76072	0.5219562
39.78072	0.5219588
39.80072	0.52196187
39.82072	0.52196556
39.84072	0.52196884
39.86072	0.52197075
39.880722	0.52197206
39.900723	0.52197427
39.920723	0.5219772
39.940723	0.5219797
39.960724	0.52198213
39.980724	0.5219847
40.000725	0.5219872
40.020725	0.52198887
40.040726	0.5219903
40.060726	0.5219917
40.080727	0.5219922
40.100727	0.5219919
40.120728	0.52199125
40.140728	0.52199155
40.16073	0.52199304
40.18073	0.5219947
40.20073	0.5219953
40.22073	0.521994
40.24073	0.5219917
40.26073	0.5219901
40.28073	0.5219893
40.30073	0.52198756
40.320732	0.52198493
40.340733	0.5219816
40.360733	0.52197826
40.380733	0.5219768
40.400734	0.5219773
40.420734	0.52197844
40.440735	0.5219779
40.460735	0.52197605
40.480736	0.5219741
40.500736	0.5219722
40.520737	0.52196985
40.540737	0.5219672
40.560738	0.5219654
40.580738	0.5219647
40.60074	0.5219635
40.62074	0.52196264
40.64074	0.5219625
40.66074	0.5219626
40.68074	0.5219636
40.70074	0.5219648
40.72074	0.5219649
40.74074	0.5219643
40.760742	0.52196455
40.780743	0.5219651
40.800743	0.5219656
40.820744	0.52196693
40.840744	0.5219687
40.860744	0.5219709
40.880745	0.5219742
40.900745	0.52197784
40.920746	0.5219817
40.940746	0.52198553
40.960747	0.52198935
40.980747	0.5219936
41.000748	0.52199745
41.02075	0.5220007
41.04075	0.52200437
41.06075	0.5220091
41.08075	0.5220142
41.10075	0.52202
41.12075	0.52202713
41.14075	0.5220345
41.16075	0.5220417
41.18075	0.5220475
41.200752	0.5220518
41.220753	0.52205527
41.240753	0.5220586
41.260754	0.52206206
41.280754	0.52206594
41.300755	0.5220697
41.320755	0.5220737
41.340755	0.52207875
41.360756	0.5220839
41.380756	0.5220879
41.400757	0.5220909
41.420757	0.5220939
41.440758	0.5220968
41.46076	0.5220996
41.48076	0.5221025
41.50076	0.5221056
41.52076	0.52210873
41.54076	0.5221114
41.56076	0.5221137
41.58076	0.5221154
41.60076	0.522117
41.62076	0.5221183
41.640762	0.52211946
41.660763	0.5221201
41.680763	0.52212083
41.700764	0.52212214
41.720764	0.5221231
41.740765	0.5221236
41.760765	0.5221229
41.780766	0.5221212
41.800766	0.52211833
41.820766	0.5221145
41.840767	0.52211165
41.860767	0.52211004
41.880768	0.5221087
41.90077	0.5221069
41.92077	0.52210504
41.94077	0.5221026
41.96077	0.5220994
41.98077	0.5220962
42.00077	0.5220939
42.02077	0.5220921
42.04077	0.52209073
42.060772	0.5220895
42.080772	0.5220885
42.100773	0.52208817
42.120773	0.5220883
42.140774	0.52208817
42.160774	0.52208835
42.180775	0.52208924
42.200775	0.5220902
42.220776	0.52209175
42.240776	0.5220928
42.260777	0.52209306
42.280777	0.5220929
42.300777	0.522092
42.320778	0.522091
42.34078	0.5220901
42.36078	0.52208966
42.38078	0.5220894
42.40078	0.5220888
42.42078	0.5220883
42.44078	0.5220897
42.46078	0.5220924
42.48078	0.52209485
42.500782	0.52209675
42.520782	0.52209854
42.540783	0.52210075
42.560783	0.52210236
42.580784	0.5221044
42.600784	0.5221074
42.620785	0.52210987
42.640785	0.5221112
42.660786	0.52211183
42.680786	0.52211225
42.700787	0.5221135
42.720787	0.52211463
42.740788	0.5221155
42.760788	0.52211607
42.78079	0.52211607
42.80079	0.5221157
42.82079	0.52211565
42.84079	0.52211577
42.86079	0.5221164
42.88079	0.5221169
42.90079	0.52211523
42.92079	0.5221121
42.940792	0.52210826
42.960793	0.52210355
42.980793	0.52209854
43.000793	0.5220932
43.020794	0.52208734
43.040794	0.5220817
43.060795	0.5220757
43.080795	0.52206933
43.100796	0.52206284
43.120796	0.52205616
43.140797	0.52204925
43.160797	0.52204305
43.180798	0.5220379
43.200798	0.5220322
43.2208	0.5220258
43.2408	0.5220188
43.2608	0.52201116
43.2808	0.5220036
43.3008	0.521996
43.3208	0.52198935
43.3408	0.52198386
43.3608	0.52197945
43.380802	0.52197456
43.400803	0.5219691
43.420803	0.52196395
43.440804	0.52195865
43.460804	0.52195346
43.480804	0.5219487
43.500805	0.5219436
43.520805	0.52193856
43.540806	0.5219339
43.560806	0.5219303
43.580807	0.5219275
43.600807	0.5219259
43.620808	0.52192557
43.64081	0.5219252
43.66081	0.52192396
43.68081	0.52192223
43.70081	0.52192014
43.72081	0.5219181
43.74081	0.5219163
43.76081	0.52191377
43.78081	0.5219101
43.80081	0.5219047
43.820812	0.52189803
43.840813	0.5218909
43.860813	0.5218841
43.880814	0.52187777
43.900814	0.5218719
43.920815	0.5218681
43.940815	0.5218651
43.960815	0.52186275
43.980816	0.5218615
44.000816	0.52186024
44.020817	0.52185893
44.040817	0.5218578
44.060818	0.5218568
44.08082	0.5218554
44.10082	0.5218538
44.12082	0.5218518
44.14082	0.52184904
44.16082	0.5218464
44.18082	0.52184415
44.20082	0.5218422
44.22082	0.52183986
44.24082	0.52183795
44.260822	0.5218365
44.280823	0.5218353
44.300823	0.5218342
44.320824	0.5218334
44.340824	0.52183247
44.360825	0.52183115
44.380825	0.52183074
44.400826	0.52183056
44.420826	0.5218299
44.440826	0.521829
44.460827	0.5218289
44.480827	0.5218302
44.500828	0.5218317
44.52083	0.5218332
44.54083	0.52183443
44.56083	0.5218351
44.58083	0.5218359
44.60083	0.52183676
44.62083	0.521837
44.64083	0.5218372
44.66083	0.521838
44.680832	0.52183986
44.700832	0.521842
44.720833	0.52184415
44.740833	0.52184653
44.760834	0.52184904
44.780834	0.5218525
44.800835	0.5218569
44.820835	0.5218605
44.840836	0.5218643
44.860836	0.5218688
44.880836	0.52187335
44.900837	0.52187896
44.920837	0.52188617
44.940838	0.52189386
44.96084	0.5219009
44.98084	0.5219071
45.00084	0.5219126
45.02084	0.5219178
45.04084	0.5219234
45.06084	0.521928
45.08084	0.5219319
45.10084	0.5219357
45.120842	0.52194
45.140842	0.5219449
45.160843	0.52195
45.180843	0.52195454
45.200844	0.5219569
45.220844	0.5219573
45.240845	0.5219569
45.260845	0.52195585
45.280846	0.5219548
45.300846	0.5219548
45.320847	0.52195454
45.340847	0.52195424
45.360847	0.5219542
45.380848	0.5219536
45.40085	0.5219525
45.42085	0.5219509
45.44085	0.52194893
45.46085	0.52194583
45.48085	0.52194256
45.50085	0.5219388
45.52085	0.5219344
45.54085	0.5219297
45.560852	0.52192426
45.580853	0.5219188
45.600853	0.5219124
45.620853	0.5219057
45.640854	0.52189934
45.660854	0.52189314
45.680855	0.52188677
45.700855	0.5218805
45.720856	0.52187455
45.740856	0.52186894
45.760857	0.52186334
45.780857	0.5218574
45.800858	0.5218524
45.820858	0.52184856
45.84086	0.52184516
45.86086	0.52184165
45.88086	0.5218375
45.90086	0.52183247
45.92086	0.5218269
45.94086	0.52182186
45.96086	0.5218179
45.98086	0.5218148
46.000862	0.52181184
46.020863	0.5218082
46.040863	0.521805
46.060863	0.52180374
46.080864	0.5218042
46.100864	0.5218046
46.120865	0.5218042
46.140865	0.52180386
46.160866	0.5218046
46.180866	0.5218062
46.200867	0.5218078
46.220867	0.52180886
46.240868	0.52181005
46.260868	0.52181154
46.28087	0.52181375
46.30087	0.521816
46.32087	0.5218173
46.34087	0.5218182
46.36087	0.5218188
46.38087	0.5218189
46.40087	0.52181816
46.42087	0.52181613
46.440872	0.52181345
46.460873	0.52181137
46.480873	0.52180856
46.500874	0.5218049
46.520874	0.52180094
46.540874	0.5217962
46.560875	0.52179235
46.580875	0.52178884
46.600876	0.52178574
46.620876	0.521783
46.640877	0.52178025
46.660877	0.5217784
46.680878	0.52177715
46.70088	0.52177656
46.72088	0.52177656
46.74088	0.5217759
46.76088	0.521775
46.78088	0.52177405
46.80088	0.52177227
46.82088	0.52176994
46.84088	0.5217676
46.86088	0.52176595
46.880882	0.5217649
46.900883	0.5217643
46.920883	0.521764
46.940884	0.5217635
46.960884	0.5217632
46.980885	0.52176297
47.000885	0.52176213
47.020885	0.52176106
47.040886	0.5217602
47.060886	0.5217596
47.080887	0.52175987
47.100887	0.52176076
47.120888	0.52176094
47.14089	0.5217604
47.16089	0.52175915
47.18089	0.5217571
47.20089	0.5217549
47.22089	0.52175236
47.24089	0.5217502
47.26089	0.52174854
47.28089	0.52174723
47.30089	0.5217465
47.320892	0.52174646
47.340893	0.5217465
47.360893	0.52174675
47.380894	0.521747
47.400894	0.52174616
47.420895	0.5217447
47.440895	0.5217439
47.460896	0.5217433
47.480896	0.5217415
47.500896	0.5217395
47.520897	0.52173805
47.540897	0.521737
47.560898	0.5217364
47.5809	0.5217365
47.6009	0.5217378
47.6209	0.5217402
47.6409	0.52174306
47.6609	0.5217461
47.6809	0.5217496
47.7009	0.5217532
47.7209	0.52175653
47.740902	0.5217601
47.760902	0.52176315
47.780903	0.52176523
47.800903	0.52176726
47.820904	0.52177024
47.840904	0.5217736
47.860905	0.52177763
47.880905	0.5217825
47.900906	0.5217873
47.920906	0.5217921
47.940907	0.5217968
47.960907	0.5218003
47.980907	0.52180314
48.000908	0.52180576
48.02091	0.5218078
48.04091	0.5218099
48.06091	0.5218117
48.08091	0.5218129
48.10091	0.52181506
48.12091	0.5218184
48.14091	0.52182084
48.16091	0.5218223
48.180912	0.52182424
48.200912	0.5218265
48.220913	0.5218291
48.240913	0.52183235
48.260914	0.5218356
48.280914	0.5218391
48.300915	0.5218425
48.320915	0.52184534
48.340916	0.5218484
48.360916	0.521852
48.380917	0.5218552
48.400917	0.5218587
48.420918	0.5218618
48.440918	0.5218627
48.46092	0.521862
48.48092	0.5218611
48.50092	0.5218607
48.52092	0.5218613
48.54092	0.52186257
48.56092	0.52186406
48.58092	0.52186537
48.60092	0.5218669
48.620922	0.5218687
48.640923	0.5218701
48.660923	0.52187055
48.680923	0.521871
48.700924	0.5218717
48.720924	0.5218722
48.740925	0.52187216
48.760925	0.5218724
48.780926	0.52187276
48.800926	0.5218736
48.820927	0.52187645
48.840927	0.52188087
48.860928	0.5218849
48.880928	0.5218886
48.90093	0.52189255
48.92093	0.5218967
48.94093	0.52190167
48.96093	0.5219073
48.98093	0.52191246
49.00093	0.5219168
49.02093	0.5219221
49.04093	0.52192855
49.060932	0.521936
49.080933	0.5219443
49.100933	0.52195287
49.120934	0.52196145
49.140934	0.5219706
49.160934	0.5219799
49.180935	0.52198935
49.200935	0.5219989
49.220936	0.52200586
49.240936	0.5220103
49.260937	0.522014
49.280937	0.52201754
49.300938	0.5220204
49.32094	0.5220225
49.34094	0.5220243
49.36094	0.522026
49.38094	0.5220274
49.40094	0.5220283
49.42094	0.52202916
49.44094	0.52202994
49.46094	0.52203035
49.48094	0.52203095
49.500942	0.5220318
49.520943	0.5220324
49.540943	0.5220329
49.560944	0.5220345
49.580944	0.5220358
49.600945	0.52203584
49.620945	0.5220352
49.640945	0.52203315
49.660946	0.5220301
49.680946	0.5220274
49.700947	0.52202517
49.720947	0.5220219
49.740948	0.5220183
49.76095	0.5220145
49.78095	0.5220089
49.80095	0.5220033
49.82095	0.5219982
49.84095	0.5219927
49.86095	0.52198696
49.88095	0.5219817
49.90095	0.5219765
49.92095	0.5219716
49.940952	0.52196753
49.960953	0.5219641
49.980953	0.52196026
50.0	0.5219556
