0.0	0.60000026
0.02	0.59998643
0.04	0.5999466
0.06	0.5998827
0.08	0.5997958
0.099999994	0.5996855
0.11999999	0.59955287
0.13999999	0.5993991
0.15999998	0.59922373
0.17999998	0.5990273
0.19999997	0.59881043
0.21999997	0.59857416
0.23999996	0.5983206
0.25999996	0.59805024
0.27999997	0.5977628
0.29999998	0.59745944
0.32	0.5971403
0.34	0.5968069
0.36	0.5964601
0.38000003	0.596099
0.40000004	0.59572524
0.42000005	0.5953399
0.44000006	0.59494364
0.46000007	0.5945376
0.48000008	0.5941211
0.50000006	0.5936947
0.52000004	0.59325874
0.54	0.59281373
0.56	0.5923604
0.58	0.59189904
0.59999996	0.59143007
0.61999995	0.5909536
0.6399999	0.5904707
0.6599999	0.5899813
0.6799999	0.58948535
0.69999987	0.58898425
0.71999985	0.5884793
0.73999983	0.58797
0.7599998	0.5874553
0.7799998	0.58693546
0.7999998	0.58641136
0.81999975	0.58588374
0.83999974	0.5853531
0.8599997	0.5848192
0.8799997	0.58428234
0.8999997	0.5837437
0.91999966	0.5832041
0.93999964	0.5826632
0.9599996	0.5821215
0.9799996	0.5815798
0.9999996	0.5810375
1.0199996	0.58049464
1.0399996	0.5799517
1.0599996	0.57940894
1.0799996	0.5788651
1.0999995	0.57832116
1.1199995	0.5777788
1.1399995	0.5772377
1.1599995	0.57669747
1.1799995	0.5761579
1.1999995	0.57561976
1.2199994	0.5750827
1.2399994	0.5745477
1.2599994	0.57401454
1.2799994	0.5734832
1.2999994	0.57295465
1.3199993	0.5724285
1.3399993	0.5719037
1.3599993	0.57138026
1.3799993	0.57085913
1.3999993	0.5703397
1.4199992	0.5698222
1.4399992	0.5693078
1.4599992	0.5687962
1.4799992	0.56828785
1.4999992	0.56778306
1.5199991	0.5672821
1.5399991	0.5667842
1.5599991	0.5662905
1.5799991	0.5658016
1.5999991	0.5653161
1.619999	0.56483376
1.639999	0.56435525
1.659999	0.56388074
1.679999	0.5634097
1.699999	0.56294215
1.719999	0.56247765
1.7399989	0.562017
1.7599989	0.56156
1.7799989	0.56110644
1.7999989	0.56065655
1.8199989	0.56021035
1.8399988	0.55976796
1.8599988	0.55932933
1.8799988	0.5588951
1.8999988	0.5584644
1.9199988	0.55803674
1.9399987	0.55761284
1.9599987	0.5571928
1.9799987	0.55677676
1.9999987	0.556365
2.0199988	0.5559578
2.0399988	0.555555
2.0599988	0.555155
2.0799987	0.5547586
2.0999987	0.5543673
2.1199987	0.55397975
2.1399987	0.5535958
2.1599987	0.553216
2.1799986	0.5528403
2.1999986	0.552468
2.2199986	0.5520987
2.2399986	0.5517333
2.2599986	0.5513716
2.2799985	0.55101305
2.2999985	0.5506582
2.3199985	0.5503074
2.3399985	0.5499609
2.3599985	0.5496188
2.3799984	0.5492815
2.3999984	0.54894805
2.4199984	0.54861796
2.4399984	0.5482923
2.4599984	0.54797167
2.4799984	0.54765564
2.4999983	0.5473433
2.5199983	0.54703456
2.5399983	0.54672915
2.5599983	0.54642713
2.5799983	0.5461271
2.5999982	0.54582894
2.6199982	0.54553413
2.6399982	0.5452423
2.6599982	0.54495335
2.6799982	0.5446673
2.6999981	0.5443837
2.7199981	0.544103
2.739998	0.5438259
2.759998	0.54355276
2.779998	0.54328376
2.799998	0.5430176
2.819998	0.542753
2.839998	0.5424908
2.859998	0.5422325
2.879998	0.5419776
2.899998	0.54172456
2.919998	0.54147404
2.939998	0.54122865
2.959998	0.5409882
2.9799979	0.54075134
2.9999979	0.5405175
3.0199978	0.5402868
3.0399978	0.54005885
3.0599978	0.5398333
3.0799978	0.53961056
3.0999978	0.5393908
3.1199977	0.5391737
3.1399977	0.5389585
3.1599977	0.5387447
3.1799977	0.53853315
3.1999977	0.5383243
3.2199976	0.53811777
3.2399976	0.53791374
3.2599976	0.5377118
3.2799976	0.53751147
3.2999976	0.53731346
3.3199975	0.5371175
3.3399975	0.53692293
3.3599975	0.53672945
3.3799975	0.53653723
3.3999975	0.5363467
3.4199975	0.5361583
3.4399974	0.53597194
3.4599974	0.5357879
3.4799974	0.5356056
3.4999974	0.5354248
3.5199974	0.5352459
3.5399973	0.5350696
3.5599973	0.53489554
3.5799973	0.5347234
3.5999973	0.5345528
3.6199973	0.5343846
3.6399972	0.5342201
3.6599972	0.5340589
3.6799972	0.53389984
3.6999972	0.5337433
3.7199972	0.53358984
3.7399971	0.53343844
3.7599971	0.53328896
3.779997	0.53314143
3.799997	0.53299594
3.819997	0.53285235
3.839997	0.5327101
3.859997	0.5325687
3.879997	0.53243
3.899997	0.53229326
3.919997	0.5321585
3.939997	0.53202635
3.959997	0.531896
3.979997	0.53176737
3.999997	0.5316399
4.019997	0.5315139
4.039997	0.53138995
4.059997	0.5312669
4.079997	0.53114593
4.099997	0.53102744
4.119997	0.5309104
4.139997	0.53079504
4.159997	0.53068125
4.179997	0.53056926
4.199997	0.53045976
4.219997	0.5303514
4.239997	0.5302434
4.259997	0.5301363
4.279997	0.53003067
4.299997	0.52992606
4.319997	0.5298222
4.339997	0.52971935
4.359997	0.5296176
4.379997	0.52951753
4.3999968	0.5294188
4.4199967	0.52932066
4.4399967	0.5292238
4.4599967	0.5291283
4.4799967	0.52903426
4.4999967	0.5289421
4.5199966	0.5288507
4.5399966	0.5287593
4.5599966	0.528669
4.5799966	0.52857924
4.5999966	0.52848965
4.6199965	0.5284008
4.6399965	0.5283125
4.6599965	0.528225
4.6799965	0.5281383
4.6999965	0.52805334
4.7199965	0.5279702
4.7399964	0.5278876
4.7599964	0.5278057
4.7799964	0.5277248
4.7999964	0.5276448
4.8199964	0.52756655
4.8399963	0.5274899
4.8599963	0.5274144
4.8799963	0.5273396
4.8999963	0.5272658
4.9199963	0.527193
4.9399962	0.52712166
4.959996	0.52705145
4.979996	0.52698207
4.999996	0.52691376
5.019996	0.52684695
5.039996	0.5267815
5.059996	0.5267173
5.079996	0.5266546
5.099996	0.5265921
5.119996	0.52652955
5.139996	0.5264673
5.159996	0.5264052
5.179996	0.526345
5.199996	0.5262863
5.219996	0.526227
5.239996	0.52616847
5.259996	0.5261116
5.279996	0.52605534
5.299996	0.5259991
5.319996	0.52594304
5.339996	0.5258875
5.359996	0.5258329
5.379996	0.525779
5.399996	0.52572584
5.419996	0.5256729
5.439996	0.52562076
5.4599957	0.5255697
5.4799957	0.52551985
5.4999957	0.5254704
5.5199957	0.52542126
5.5399957	0.52537304
5.5599957	0.52532506
5.5799956	0.52527785
5.5999956	0.5252324
5.6199956	0.52518815
5.6399956	0.5251443
5.6599956	0.5251008
5.6799955	0.5250582
5.6999955	0.5250168
5.7199955	0.5249763
5.7399955	0.52493674
5.7599955	0.52489895
5.7799954	0.524863
5.7999954	0.52482724
5.8199954	0.52479184
5.8399954	0.52475774
5.8599954	0.5247245
5.8799953	0.52469194
5.8999953	0.52465975
5.9199953	0.5246282
5.9399953	0.52459806
5.9599953	0.52456856
5.9799953	0.5245385
5.999995	0.52450895
6.019995	0.5244789
6.039995	0.5244476
6.059995	0.52441514
6.079995	0.5243821
6.099995	0.5243491
6.119995	0.5243162
6.139995	0.524284
6.159995	0.5242525
6.179995	0.52422094
6.199995	0.5241897
6.219995	0.5241592
6.239995	0.5241297
6.259995	0.5241008
6.279995	0.52407247
6.299995	0.52404463
6.319995	0.52401716
6.339995	0.5239905
6.359995	0.52396536
6.379995	0.5239413
6.399995	0.5239172
6.419995	0.52389264
6.439995	0.52386737
6.459995	0.52384186
6.479995	0.5238162
6.4999948	0.5237903
6.5199947	0.5237648
6.5399947	0.5237399
6.5599947	0.52371526
6.5799947	0.5236907
6.5999947	0.5236663
6.6199946	0.5236428
6.6399946	0.52361983
6.6599946	0.5235971
6.6799946	0.5235745
6.6999946	0.52355087
6.7199945	0.52352726
6.7399945	0.523505
6.7599945	0.52348286
6.7799945	0.5234612
6.7999945	0.52343965
6.8199944	0.52341825
6.8399944	0.5233964
6.8599944	0.52337396
6.8799944	0.52335227
6.8999944	0.5233315
6.9199944	0.5233114
6.9399943	0.5232916
6.9599943	0.52327275
6.9799943	0.523254
6.9999943	0.52323484
7.0199943	0.5232152
7.0399942	0.5231948
7.059994	0.5231734
7.079994	0.5231514
7.099994	0.5231292
7.119994	0.5231067
7.139994	0.52308464
7.159994	0.52306366
7.179994	0.5230423
7.199994	0.5230206
7.219994	0.5229996
7.239994	0.5229788
7.259994	0.5229589
7.279994	0.52293944
7.299994	0.5229199
7.319994	0.5229011
7.339994	0.52288294
7.359994	0.5228647
7.379994	0.52284706
7.399994	0.5228303
7.419994	0.5228139
7.439994	0.5227982
7.459994	0.52278423
7.479994	0.52277154
7.499994	0.52275854
7.519994	0.5227445
7.539994	0.52273047
7.5599937	0.5227163
7.5799937	0.52270234
7.5999937	0.52268803
7.6199937	0.5226732
7.6399937	0.5226581
7.6599936	0.52264374
7.6799936	0.5226302
7.6999936	0.5226153
7.7199936	0.5225999
7.7399936	0.5225854
7.7599936	0.52257043
7.7799935	0.52255464
7.7999935	0.5225389
7.8199935	0.5225229
7.8399935	0.52250624
7.8599935	0.52248955
7.8799934	0.5224733
7.8999934	0.5224576
7.9199934	0.5224424
7.9399934	0.5224277
7.9599934	0.5224138
7.9799933	0.5223999
7.9999933	0.5223852
8.019994	0.52236986
8.039994	0.52235556
8.059995	0.52234256
8.079995	0.52232957
8.099996	0.5223172
8.119996	0.5223051
8.139997	0.5222921
8.159997	0.5222793
8.179997	0.5222671
8.199998	0.52225435
8.219998	0.5222416
8.239999	0.5222285
8.259999	0.522215
8.28	0.52220166
8.3	0.52218926
8.320001	0.52217865
8.340001	0.5221692
8.360002	0.5221603
8.380002	0.5221522
8.4000025	0.52214396
8.420003	0.52213544
8.440003	0.52212715
8.460004	0.5221187
8.480004	0.52211106
8.500005	0.5221044
8.520005	0.5220983
8.540006	0.522092
8.560006	0.5220846
8.580007	0.5220773
8.600007	0.52207005
8.6200075	0.5220619
8.640008	0.5220541
8.660008	0.52204764
8.680009	0.52204263
8.700009	0.5220389
8.72001	0.5220351
8.74001	0.5220312
8.760011	0.52202713
8.780011	0.52202296
8.800012	0.522019
8.820012	0.5220157
8.840013	0.5220134
8.860013	0.5220108
8.880013	0.5220082
8.900014	0.522007
8.920014	0.5220072
8.940015	0.52200794
8.960015	0.52200806
8.980016	0.5220084
9.000016	0.5220086
9.020017	0.52200824
9.040017	0.5220072
9.060018	0.52200586
9.080018	0.5220041
9.1000185	0.52200186
9.120019	0.5219984
9.140019	0.52199435
9.16002	0.52199084
9.18002	0.5219879
9.200021	0.5219853
9.220021	0.5219825
9.240022	0.5219801
9.260022	0.52197874
9.280023	0.5219787
9.300023	0.5219794
9.320024	0.5219796
9.340024	0.52197975
9.360024	0.5219799
9.380025	0.5219798
9.400025	0.52198017
9.420026	0.52197933
9.440026	0.52197754
9.460027	0.5219754
9.480027	0.5219724
9.500028	0.52196944
9.520028	0.5219666
9.540029	0.52196485
9.560029	0.5219644
9.5800295	0.5219644
9.60003	0.5219643
9.62003	0.5219646
9.640031	0.521966
9.660031	0.5219674
9.680032	0.52196926
9.700032	0.52197134
9.720033	0.5219734
9.740033	0.52197605
9.760034	0.521979
9.780034	0.52198225
9.8000345	0.52198565
9.820035	0.52198935
9.840035	0.5219928
9.860036	0.5219954
9.880036	0.5219971
9.900037	0.5219983
9.920037	0.5219996
9.940038	0.5220016
9.960038	0.5220049
9.980039	0.52200943
10.000039	0.5220144
10.02004	0.5220187
10.04004	0.52202255
10.06004	0.5220263
10.080041	0.5220299
10.100041	0.5220337
10.120042	0.52203786
10.140042	0.5220423
10.160043	0.52204645
10.180043	0.52205026
10.200044	0.52205366
10.220044	0.52205646
10.240045	0.52205855
10.260045	0.5220612
10.2800455	0.5220647
10.300046	0.52206826
10.320046	0.5220716
10.340047	0.5220744
10.360047	0.52207667
10.380048	0.5220783
10.400048	0.5220797
10.420049	0.5220808
10.440049	0.5220813
10.46005	0.52208173
10.48005	0.5220829
10.500051	0.5220843
10.520051	0.52208644
10.540051	0.5220889
10.560052	0.5220916
10.580052	0.52209496
10.600053	0.52209806
10.620053	0.5221001
10.640054	0.52210164
10.660054	0.52210367
10.680055	0.5221063
10.700055	0.5221087
10.720056	0.52210975
10.740056	0.5221105
10.7600565	0.5221106
10.780057	0.5221096
10.800057	0.5221082
10.820058	0.52210665
10.840058	0.5221042
10.860059	0.5221006
10.880059	0.5220964
10.90006	0.5220922
10.92006	0.5220885
10.940061	0.5220859
10.960061	0.522083
10.980062	0.5220793
11.000062	0.5220759
11.020062	0.5220731
11.040063	0.5220709
11.060063	0.5220691
11.080064	0.52206725
11.100064	0.52206486
11.120065	0.52206105
11.140065	0.522056
11.160066	0.52205133
11.180066	0.52204686
11.200067	0.5220421
11.220067	0.52203774
11.2400675	0.522034
11.260068	0.5220307
11.280068	0.52202857
11.300069	0.5220268
11.320069	0.52202475
11.34007	0.52202225
11.36007	0.5220195
11.380071	0.5220161
11.400071	0.5220116
11.420072	0.52200615
11.440072	0.522
11.4600725	0.5219935
11.480073	0.5219874
11.500073	0.5219812
11.520074	0.5219748
11.540074	0.52196765
11.560075	0.52196014
11.580075	0.5219535
11.600076	0.52194726
11.620076	0.5219412
11.640077	0.5219351
11.660077	0.52192867
11.680078	0.52192134
11.700078	0.5219135
11.720078	0.5219059
11.740079	0.52189875
11.760079	0.5218922
11.78008	0.52188605
11.80008	0.5218804
11.820081	0.52187514
11.840081	0.5218704
11.860082	0.5218677
11.880082	0.5218664
11.900083	0.5218656
11.920083	0.52186406
11.9400835	0.52186096
11.960084	0.52185774
11.980084	0.52185416
12.000085	0.52184963
12.020085	0.52184427
12.040086	0.5218389
12.060086	0.52183384
12.080087	0.5218288
12.100087	0.521824
12.120088	0.52181983
12.140088	0.5218158
12.160089	0.521812
12.180089	0.5218092
12.200089	0.5218068
12.22009	0.5218049
12.24009	0.5218035
12.260091	0.5218012
12.280091	0.52179784
12.300092	0.5217943
12.320092	0.5217916
12.340093	0.52178955
12.360093	0.52178824
12.380094	0.5217881
12.400094	0.52178884
12.4200945	0.5217902
12.440095	0.52179146
12.460095	0.5217919
12.480096	0.5217922
12.500096	0.5217923
12.520097	0.52179164
12.540097	0.5217911
12.560098	0.52179027
12.580098	0.52178943
12.600099	0.52178967
12.620099	0.5217905
12.6401	0.52179193
12.6601	0.5217938
12.6801	0.5217947
12.700101	0.5217948
12.720101	0.5217949
12.740102	0.52179503
12.760102	0.5217961
12.780103	0.5217975
12.800103	0.5217984
12.820104	0.5217986
12.840104	0.52179825
12.860105	0.52179754
12.880105	0.52179635
12.900105	0.5217952
12.920106	0.5217937
12.940106	0.5217927
12.960107	0.5217923
12.980107	0.5217914
13.000108	0.5217898
13.020108	0.5217878
13.040109	0.5217866
13.060109	0.5217861
13.08011	0.5217856
13.10011	0.521785
13.1201105	0.5217844
13.140111	0.5217839
13.160111	0.52178335
13.180112	0.5217836
13.200112	0.52178544
13.220113	0.52178705
13.240113	0.52178746
13.260114	0.5217883
13.280114	0.52178943
13.300115	0.52179015
13.320115	0.5217912
13.340116	0.52179295
13.360116	0.52179533
13.380116	0.52179825
13.400117	0.5218014
13.420117	0.521804
13.440118	0.5218049
13.460118	0.52180505
13.480119	0.5218051
13.500119	0.5218058
13.52012	0.5218077
13.54012	0.5218104
13.560121	0.521813
13.580121	0.5218152
13.6001215	0.52181655
13.620122	0.5218171
13.640122	0.5218176
13.660123	0.5218187
13.680123	0.52182007
13.700124	0.5218221
13.720124	0.52182364
13.740125	0.52182424
13.760125	0.5218246
13.780126	0.52182484
13.800126	0.5218253
13.820127	0.5218259
13.840127	0.5218266
13.860127	0.52182794
13.880128	0.5218297
13.900128	0.5218315
13.920129	0.5218335
13.940129	0.5218353
13.96013	0.52183735
13.98013	0.5218395
14.000131	0.52184176
14.020131	0.5218443
14.040132	0.5218466
14.060132	0.52184844
14.0801325	0.5218506
14.100133	0.5218537
14.120133	0.5218569
14.140134	0.5218602
14.160134	0.52186346
14.180135	0.52186596
14.200135	0.52186716
14.220136	0.5218673
14.240136	0.5218671
14.260137	0.5218667
14.280137	0.5218656
14.3001375	0.52186406
14.320138	0.5218625
14.340138	0.5218609
14.360139	0.5218597
14.380139	0.521859
14.40014	0.5218581
14.42014	0.5218566
14.440141	0.5218547
14.460141	0.5218533
14.480142	0.521852
14.500142	0.52184975
14.520143	0.5218471
14.540143	0.5218435
14.560143	0.52183896
14.580144	0.52183485
14.600144	0.5218312
14.620145	0.5218282
14.640145	0.5218251
14.660146	0.5218209
14.680146	0.521816
14.700147	0.5218117
14.720147	0.5218079
14.740148	0.521804
14.760148	0.5218002
14.7801485	0.5217966
14.800149	0.5217927
14.820149	0.5217895
14.84015	0.5217877
14.86015	0.52178675
14.880151	0.52178574
14.900151	0.5217849
14.920152	0.52178454
14.940152	0.5217844
14.960153	0.52178407
14.980153	0.5217834
15.000154	0.52178264
15.020154	0.5217813
15.040154	0.52177966
15.060155	0.521778
15.080155	0.5217762
15.100156	0.5217742
15.120156	0.5217724
15.140157	0.52177095
15.160157	0.52176976
15.180158	0.5217683
15.200158	0.5217661
15.220159	0.5217637
15.240159	0.5217618
15.2601595	0.52176094
15.28016	0.52176076
15.30016	0.5217602
15.320161	0.5217597
15.340161	0.5217597
15.360162	0.5217589
15.380162	0.5217577
15.400163	0.5217575
15.420163	0.5217571
15.440164	0.5217559
15.460164	0.52175486
15.480165	0.5217551
15.500165	0.5217562
15.520165	0.52175665
15.540166	0.5217561
15.560166	0.5217567
15.580167	0.52175903
15.600167	0.5217624
15.620168	0.52176607
15.640168	0.52177
15.660169	0.5217742
15.680169	0.5217777
15.70017	0.52178
15.72017	0.5217807
15.7401705	0.5217817
15.760171	0.52178454
15.780171	0.5217887
15.800172	0.52179235
15.820172	0.52179444
15.840173	0.5217955
15.860173	0.52179563
15.880174	0.52179563
15.900174	0.5217964
15.920175	0.52179736
15.940175	0.5217981
15.9601755	0.5217986
15.980176	0.52179945
16.000175	0.5218011
16.020176	0.521804
16.040176	0.5218071
16.060177	0.52180934
16.080177	0.5218111
16.100178	0.5218137
16.120178	0.52181756
16.140179	0.52182233
16.16018	0.5218271
16.18018	0.52183133
16.20018	0.52183473
16.22018	0.52183783
16.240181	0.52184105
16.260181	0.5218446
16.280182	0.521848
16.300182	0.5218523
16.320183	0.52185774
16.340183	0.5218628
16.360184	0.5218672
16.380184	0.52187145
16.400185	0.52187574
16.420185	0.5218796
16.440186	0.52188325
16.460186	0.5218863
16.480186	0.52188754
16.500187	0.5218874
16.520187	0.5218873
16.540188	0.52188766
16.560188	0.52188766
16.580189	0.5218879
16.60019	0.521889
16.62019	0.5218911
16.64019	0.52189434
16.66019	0.5218974
16.680191	0.5218993
16.700191	0.52190083
16.720192	0.5219023
16.740192	0.5219037
16.760193	0.5219048
16.780193	0.5219059
16.800194	0.5219073
16.820194	0.5219096
16.840195	0.52191234
16.860195	0.5219151
16.880196	0.5219176
16.900196	0.52191985
16.920197	0.521922
16.940197	0.5219244
16.960197	0.52192724
16.980198	0.5219295
17.000198	0.5219302
17.020199	0.52193
17.0402	0.5219308
17.0602	0.52193296
17.0802	0.5219356
17.1002	0.5219384
17.120201	0.5219406
17.140202	0.52194226
17.160202	0.5219431
17.180202	0.52194285
17.200203	0.5219426
17.220203	0.52194244
17.240204	0.5219426
17.260204	0.5219426
17.280205	0.5219424
17.300205	0.52194214
17.320206	0.5219419
17.340206	0.52194107
17.360207	0.5219393
17.380207	0.5219375
17.400208	0.5219374
17.420208	0.52193874
17.440208	0.52194107
17.460209	0.5219437
17.48021	0.52194536
17.50021	0.5219463
17.52021	0.5219474
17.54021	0.52194846
17.560211	0.52195036
17.580212	0.5219524
17.600212	0.52195394
17.620213	0.52195525
17.640213	0.52195704
17.660213	0.5219586
17.680214	0.52195907
17.700214	0.52196
17.720215	0.52196133
17.740215	0.52196217
17.760216	0.5219624
17.780216	0.5219625
17.800217	0.5219624
17.820217	0.52196294
17.840218	0.5219641
17.860218	0.5219651
17.880219	0.5219656
17.900219	0.5219651
17.92022	0.52196443
17.94022	0.52196455
17.96022	0.5219646
17.98022	0.5219651
18.000221	0.52196574
18.020222	0.521966
18.040222	0.5219654
18.060223	0.5219643
18.080223	0.5219639
18.100224	0.5219643
18.120224	0.5219651
18.140224	0.5219655
18.160225	0.5219644
18.180225	0.52196217
18.200226	0.52195966
18.220226	0.5219567
18.240227	0.5219526
18.260227	0.5219475
18.280228	0.521942
18.300228	0.52193606
18.320229	0.52192944
18.340229	0.52192307
18.36023	0.521917
18.38023	0.521911
18.40023	0.5219054
18.42023	0.5219002
18.440231	0.5218953
18.460232	0.5218912
18.480232	0.5218868
18.500233	0.52188206
18.520233	0.52187765
18.540234	0.52187353
18.560234	0.5218699
18.580235	0.5218668
18.600235	0.5218638
18.620235	0.521861
18.640236	0.521858
18.660236	0.521855
18.680237	0.5218525
18.700237	0.52185106
18.720238	0.52184975
18.740238	0.52184796
18.760239	0.52184564
18.78024	0.52184373
18.80024	0.5218421
18.82024	0.5218398
18.84024	0.5218369
18.86024	0.5218344
18.880241	0.52183235
18.900242	0.5218299
18.920242	0.5218271
18.940243	0.52182424
18.960243	0.52182126
18.980244	0.52181804
19.000244	0.5218154
19.020245	0.5218129
19.040245	0.52181
19.060246	0.5218069
19.080246	0.52180386
19.100246	0.5218007
19.120247	0.52179706
19.140247	0.5217929
19.160248	0.5217881
19.180248	0.5217829
19.200249	0.52177787
19.22025	0.52177304
19.24025	0.5217675
19.26025	0.5217617
19.28025	0.5217557
19.300251	0.5217496
19.320251	0.5217436
19.340252	0.52173793
19.360252	0.5217331
19.380253	0.521728
19.400253	0.5217231
19.420254	0.5217186
19.440254	0.52171385
19.460255	0.5217099
19.480255	0.52170706
19.500256	0.5217036
19.520256	0.5216992
19.540257	0.52169424
19.560257	0.5216881
19.580257	0.5216812
19.600258	0.52167463
19.620258	0.5216684
19.640259	0.5216618
19.66026	0.52165425
19.68026	0.5216463
19.70026	0.5216381
19.72026	0.52162886
19.740261	0.5216192
19.760262	0.52160996
19.780262	0.52160126
19.800262	0.5215925
19.820263	0.52158403
19.840263	0.5215757
19.860264	0.5215677
19.880264	0.52156043
19.900265	0.5215528
19.920265	0.52154464
19.940266	0.5215369
19.960266	0.52153015
19.980267	0.5215237
20.000267	0.52151763
20.020267	0.5215128
20.040268	0.5215086
20.060268	0.5215033
20.080269	0.52149755
20.10027	0.5214927
20.12027	0.5214889
20.14027	0.5214861
20.16027	0.521484
20.180271	0.5214827
20.200272	0.5214814
20.220272	0.52148
20.240273	0.521479
20.260273	0.5214776
20.280273	0.5214754
20.300274	0.52147365
20.320274	0.52147245
20.340275	0.5214722
20.360275	0.5214731
20.380276	0.5214732
20.400276	0.5214727
20.420277	0.52147186
20.440277	0.52147037
20.460278	0.52146816
20.480278	0.5214661
20.500278	0.52146363
20.520279	0.52146125
20.54028	0.52145934
20.56028	0.5214577
20.58028	0.52145606
20.60028	0.5214548
20.620281	0.5214536
20.640282	0.5214528
20.660282	0.521453
20.680283	0.5214537
20.700283	0.52145404
20.720284	0.5214548
20.740284	0.52145654
20.760284	0.52145815
20.780285	0.5214596
20.800285	0.521461
20.820286	0.5214625
20.840286	0.52146393
20.860287	0.52146596
20.880287	0.52146816
20.900288	0.5214705
20.920288	0.52147365
20.940289	0.5214782
20.960289	0.5214834
20.98029	0.5214889
21.00029	0.52149475
21.02029	0.5215
21.04029	0.52150416
21.060291	0.5215087
21.080292	0.521514
21.100292	0.521519
21.120293	0.5215235
21.140293	0.52152723
21.160294	0.5215304
21.180294	0.5215336
21.200294	0.521536
21.220295	0.52153695
21.240295	0.5215378
21.260296	0.521538
21.280296	0.5215368
21.300297	0.5215348
21.320297	0.52153385
21.340298	0.5215333
21.360298	0.52153265
21.380299	0.52153265
21.4003	0.52153337
21.4203	0.52153456
21.4403	0.52153546
21.4603	0.5215355
21.4803	0.5215353
21.500301	0.52153504
21.520302	0.5215354
21.540302	0.52153623
21.560303	0.5215374
21.580303	0.5215385
21.600304	0.5215394
21.620304	0.5215399
21.640305	0.5215403
21.660305	0.5215405
21.680305	0.5215415
21.700306	0.5215434
21.720306	0.5215452
21.740307	0.5215466
21.760307	0.5215473
21.780308	0.52154744
21.800308	0.5215472
21.820309	0.52154684
21.84031	0.5215471
21.86031	0.5215479
21.88031	0.5215485
21.90031	0.52154875
21.920311	0.5215492
21.940311	0.5215504
21.960312	0.52155197
21.980312	0.5215534
22.000313	0.5215547
22.020313	0.5215557
22.040314	0.5215565
22.060314	0.5215565
22.080315	0.52155674
22.100315	0.52155817
22.120316	0.5215596
22.140316	0.52156067
22.160316	0.5215621
22.180317	0.52156407
22.200317	0.5215666
22.220318	0.5215697
22.240318	0.52157307
22.260319	0.5215772
22.28032	0.521582
22.30032	0.5215869
22.32032	0.5215924
22.34032	0.5215987
22.360321	0.5216051
22.380322	0.5216105
22.400322	0.5216152
22.420322	0.5216204
22.440323	0.52162623
22.460323	0.52163196
22.480324	0.5216388
22.500324	0.5216459
22.520325	0.5216522
22.540325	0.5216588
22.560326	0.5216658
22.580326	0.52167255
22.600327	0.5216786
22.620327	0.52168435
22.640327	0.52169013
22.660328	0.52169585
22.680328	0.52170175
22.700329	0.5217068
22.72033	0.5217108
22.74033	0.5217145
22.76033	0.52171785
22.78033	0.5217209
22.800331	0.5217246
22.820332	0.5217289
22.840332	0.52173424
22.860332	0.5217402
22.880333	0.52174574
22.900333	0.52175045
22.920334	0.5217556
22.940334	0.5217614
22.960335	0.52176744
22.980335	0.5217736
23.000336	0.52177966
23.020336	0.5217856
23.040337	0.5217913
23.060337	0.52179706
23.080338	0.5218024
23.100338	0.52180755
23.120338	0.5218116
23.140339	0.52181387
23.16034	0.5218158
23.18034	0.5218169
23.20034	0.52181745
23.22034	0.5218185
23.240341	0.5218203
23.260342	0.52182186
23.280342	0.52182245
23.300343	0.521823
23.320343	0.5218229
23.340343	0.52182114
23.360344	0.52181923
23.380344	0.52181834
23.400345	0.52181697
23.420345	0.5218154
23.440346	0.52181435
23.460346	0.521814
23.480347	0.52181363
23.500347	0.52181315
23.520348	0.5218129
23.540348	0.5218123
23.560349	0.52181137
23.580349	0.5218111
23.60035	0.5218108
23.62035	0.52180934
23.64035	0.5218079
23.66035	0.52180815
23.680351	0.52180874
23.700352	0.5218092
23.720352	0.52180994
23.740353	0.5218114
23.760353	0.521814
23.780354	0.5218162
23.800354	0.52181756
23.820354	0.52181834
23.840355	0.5218194
23.860355	0.52182066
23.880356	0.52182186
23.900356	0.52182317
23.920357	0.52182454
23.940357	0.52182525
23.960358	0.5218249
23.980358	0.5218245
24.000359	0.52182436
24.020359	0.52182347
24.04036	0.5218222
24.06036	0.5218222
24.08036	0.5218229
24.10036	0.52182424
24.120361	0.521826
24.140362	0.52182734
24.160362	0.5218284
24.180363	0.52182937
24.200363	0.521831
24.220364	0.5218319
24.240364	0.52183247
24.260365	0.52183235
24.280365	0.5218311
24.300365	0.521829
24.320366	0.52182597
24.340366	0.5218221
24.360367	0.5218181
24.380367	0.5218147
24.400368	0.5218117
24.420368	0.521808
24.440369	0.5218031
24.46037	0.52179766
24.48037	0.5217922
24.50037	0.52178645
24.52037	0.52178144
24.54037	0.5217774
24.560371	0.52177346
24.580372	0.5217701
24.600372	0.52176833
24.620373	0.5217681
24.640373	0.5217682
24.660374	0.52176845
24.680374	0.52176857
24.700375	0.5217682
24.720375	0.52176774
24.740376	0.52176756
24.760376	0.52176684
24.780376	0.52176434
24.800377	0.5217603
24.820377	0.52175593
24.840378	0.52175164
24.860378	0.5217469
24.880379	0.52174157
24.90038	0.5217364
24.92038	0.5217308
24.94038	0.52172434
24.96038	0.521718
24.980381	0.52171284
25.000381	0.52170825
25.020382	0.5217036
25.040382	0.5216992
25.060383	0.5216955
25.080383	0.52169263
25.100384	0.52169037
25.120384	0.5216887
25.140385	0.5216868
25.160385	0.5216843
25.180386	0.5216819
25.200386	0.5216793
25.220387	0.5216765
25.240387	0.52167284
25.260387	0.5216682
25.280388	0.5216634
25.300388	0.52165806
25.320389	0.5216524
25.34039	0.5216466
25.36039	0.5216404
25.38039	0.52163446
25.40039	0.5216288
25.420391	0.521623
25.440392	0.5216178
25.460392	0.521613
25.480392	0.5216086
25.500393	0.5216051
25.520393	0.5216023
25.540394	0.52159923
25.560394	0.52159506
25.580395	0.5215908
25.600395	0.52158815
25.620396	0.5215862
25.640396	0.5215844
25.660397	0.52158284
25.680397	0.5215809
25.700397	0.52157915
25.720398	0.5215781
25.740398	0.52157664
25.760399	0.52157503
25.7804	0.52157456
25.8004	0.5215757
25.8204	0.5215781
25.8404	0.5215808
25.860401	0.52158296
25.880402	0.52158487
25.900402	0.5215862
25.920403	0.52158654
25.940403	0.52158624
25.960403	0.52158535
25.980404	0.52158463
26.000404	0.52158374
26.020405	0.521582
26.040405	0.52157915
26.060406	0.52157617
26.080406	0.52157354
26.100407	0.521571
26.120407	0.5215691
26.140408	0.5215679
26.160408	0.52156717
26.180408	0.5215671
26.200409	0.5215676
26.22041	0.52156824
26.24041	0.521569
26.26041	0.5215701
26.28041	0.5215706
26.300411	0.5215711
26.320412	0.52157176
26.340412	0.5215719
26.360413	0.52157104
26.380413	0.5215704
26.400414	0.52157056
26.420414	0.5215706
26.440414	0.52157044
26.460415	0.5215704
26.480415	0.52157104
26.500416	0.52157134
26.520416	0.5215709
26.540417	0.5215711
26.560417	0.5215716
26.580418	0.5215724
26.600418	0.5215739
26.620419	0.5215755
26.640419	0.5215764
26.66042	0.5215764
26.68042	0.5215758
26.70042	0.5215759
26.72042	0.5215776
26.740421	0.52158
26.760422	0.52158225
26.780422	0.52158433
26.800423	0.5215858
26.820423	0.5215875
26.840424	0.5215892
26.860424	0.52159
26.880424	0.52159
26.900425	0.52159023
26.920425	0.521591
26.940426	0.5215923
26.960426	0.5215942
26.980427	0.5215957
27.000427	0.52159715
27.020428	0.52159905
27.040428	0.52160096
27.060429	0.52160347
27.08043	0.52160656
27.10043	0.52160966
27.12043	0.5216116
27.14043	0.5216123
27.16043	0.52161384
27.180431	0.5216156
27.200432	0.5216161
27.220432	0.5216162
27.240433	0.5216165
27.260433	0.5216168
27.280434	0.5216168
27.300434	0.5216161
27.320435	0.5216154
27.340435	0.52161485
27.360435	0.52161396
27.380436	0.5216125
27.400436	0.52161086
27.420437	0.52160823
27.440437	0.52160525
27.460438	0.52160275
27.480438	0.5216005
27.500439	0.52159774
27.52044	0.52159435
27.54044	0.5215909
27.56044	0.52158713
27.58044	0.52158403
27.600441	0.5215808
27.620441	0.521577
27.640442	0.52157295
27.660442	0.5215687
27.680443	0.5215648
27.700443	0.52156126
27.720444	0.5215582
27.740444	0.5215554
27.760445	0.5215526
27.780445	0.5215497
27.800446	0.5215472
27.820446	0.52154595
27.840446	0.5215453
27.860447	0.52154464
27.880447	0.5215441
27.900448	0.52154374
27.920448	0.5215441
27.940449	0.52154577
27.96045	0.5215483
27.98045	0.52155083
28.00045	0.5215527
28.02045	0.5215541
28.040451	0.52155536
28.060452	0.5215556
28.080452	0.52155554
28.100452	0.5215551
28.120453	0.5215539
28.140453	0.52155244
28.160454	0.52155113
28.180454	0.52155
28.200455	0.5215488
28.220455	0.5215471
28.240456	0.5215452
28.260456	0.52154315
28.280457	0.521541
28.300457	0.52153885
28.320457	0.5215378
28.340458	0.5215385
28.360458	0.5215413
28.380459	0.5215452
28.40046	0.52154857
28.42046	0.52155143
28.44046	0.52155507
28.46046	0.52155924
28.480461	0.52156246
28.500462	0.52156615
28.520462	0.52157
28.540462	0.52157354
28.560463	0.5215778
28.580463	0.52158195
28.600464	0.52158546
28.620464	0.5215885
28.640465	0.5215921
28.660465	0.5215962
28.680466	0.52160025
28.700466	0.5216048
28.720467	0.5216106
28.740467	0.5216168
28.760468	0.52162266
28.780468	0.5216284
28.800468	0.5216334
28.820469	0.52163756
28.84047	0.52164155
28.86047	0.52164567
28.88047	0.52164954
28.90047	0.5216544
28.920471	0.5216607
28.940472	0.5216673
28.960472	0.5216732
28.980473	0.5216781
29.000473	0.52168274
29.020473	0.52168775
29.040474	0.5216927
29.060474	0.52169704
29.080475	0.5217008
29.100475	0.5217042
29.120476	0.5217071
29.140476	0.52170914
29.160477	0.52171075
29.180477	0.52171206
29.200478	0.5217134
29.220478	0.5217146
29.240479	0.5217154
29.260479	0.5217161
29.28048	0.52171683
29.30048	0.5217172
29.32048	0.5217178
29.34048	0.52171874
29.360481	0.521719
29.380482	0.5217183
29.400482	0.5217173
29.420483	0.52171636
29.440483	0.5217146
29.460484	0.52171314
29.480484	0.52171147
29.500484	0.5217087
29.520485	0.52170575
29.540485	0.52170324
29.560486	0.5217014
29.580486	0.5216999
29.600487	0.5216985
29.620487	0.52169704
29.640488	0.5216954
29.660488	0.5216942
29.680489	0.52169317
29.700489	0.5216927
29.72049	0.52169335
29.74049	0.52169466
29.76049	0.52169615
29.78049	0.5216972
29.800491	0.5216969
29.820492	0.5216956
29.840492	0.5216942
29.860493	0.5216933
29.880493	0.52169335
29.900494	0.5216937
29.920494	0.5216943
29.940495	0.5216964
29.960495	0.5216994
29.980495	0.521703
30.000496	0.5217068
30.020496	0.5217096
30.040497	0.52171206
30.060497	0.52171516
30.080498	0.521719
30.100498	0.52172357
30.120499	0.5217285
30.1405	0.521734
30.1605	0.5217394
30.1805	0.5217444
30.2005	0.5217486
30.2205	0.521753
30.240501	0.5217584
30.260502	0.52176344
30.280502	0.52176785
30.300503	0.52177227
30.320503	0.52177805
30.340504	0.5217845
30.360504	0.52179086
30.380505	0.5217977
30.400505	0.521805
30.420506	0.52181244
30.440506	0.5218203
30.460506	0.5218289
30.480507	0.52183735
30.500507	0.52184474
30.520508	0.521852
30.540508	0.521859
30.560509	0.52186483
30.58051	0.5218705
30.60051	0.52187604
30.62051	0.5218818
30.64051	0.52188724
30.660511	0.5218917
30.680511	0.5218961
30.700512	0.5219006
30.720512	0.5219052
30.740513	0.5219102
30.760513	0.52191556
30.780514	0.521921
30.800514	0.5219257
30.820515	0.5219306
30.840515	0.5219364
30.860516	0.52194244
30.880516	0.521948
30.900517	0.52195233
30.920517	0.5219553
30.940517	0.5219574
30.960518	0.52195936
30.980518	0.52196133
31.000519	0.52196276
31.02052	0.5219635
31.04052	0.52196395
31.06052	0.52196383
31.08052	0.521963
31.100521	0.5219621
31.120522	0.5219612
31.140522	0.52196026
31.160522	0.5219592
31.180523	0.5219581
31.200523	0.52195656
31.220524	0.52195406
31.240524	0.52195203
31.260525	0.5219511
31.280525	0.5219501
31.300526	0.52194977
31.320526	0.5219511
31.340527	0.521953
31.360527	0.5219543
31.380527	0.5219548
31.400528	0.5219553
31.420528	0.52195597
31.440529	0.52195626
31.46053	0.52195746
31.48053	0.5219592
31.50053	0.5219602
31.52053	0.5219611
31.540531	0.52196294
31.560532	0.52196443
31.580532	0.52196413
31.600533	0.5219632
31.620533	0.52196187
31.640533	0.52196074
31.660534	0.52196014
31.680534	0.5219593
31.700535	0.5219587
31.720535	0.5219579
31.740536	0.5219563
31.760536	0.5219549
31.780537	0.5219542
31.800537	0.5219538
31.820538	0.5219537
31.840538	0.5219542
31.860538	0.5219553
31.880539	0.52195656
31.90054	0.5219574
31.92054	0.5219575
31.94054	0.5219568
31.96054	0.521955
31.980541	0.5219528
32.00054	0.5219511
32.020542	0.52195
32.040543	0.5219487
32.060543	0.52194685
32.080544	0.52194476
32.100544	0.5219427
32.120544	0.5219407
32.140545	0.5219393
32.160545	0.52193916
32.180546	0.5219394
32.200546	0.5219399
32.220547	0.5219401
32.240547	0.5219398
32.260548	0.52193934
32.28055	0.5219395
32.30055	0.5219408
32.32055	0.5219424
32.34055	0.5219431
32.36055	0.52194357
32.38055	0.52194464
32.40055	0.52194613
32.42055	0.52194786
32.44055	0.52194977
32.460552	0.5219517
32.480553	0.52195406
32.500553	0.5219579
32.520554	0.5219623
32.540554	0.5219668
32.560555	0.52197117
32.580555	0.5219756
32.600555	0.52198064
32.620556	0.52198565
32.640556	0.5219905
32.660557	0.52199554
32.680557	0.5220012
32.700558	0.5220071
32.72056	0.5220128
32.74056	0.5220183
32.76056	0.5220249
32.78056	0.522032
32.80056	0.5220386
32.82056	0.5220449
32.84056	0.52205044
32.86056	0.5220551
32.88056	0.5220593
32.900562	0.5220636
32.920563	0.52206767
32.940563	0.5220722
32.960564	0.52207774
32.980564	0.5220834
33.000565	0.5220884
33.020565	0.5220924
33.040565	0.52209556
33.060566	0.522099
33.080566	0.5221033
33.100567	0.5221077
33.120567	0.52211154
33.140568	0.52211493
33.16057	0.5221186
33.18057	0.5221232
33.20057	0.5221292
33.22057	0.5221358
33.24057	0.5221422
33.26057	0.5221482
33.28057	0.5221529
33.30057	0.52215713
33.32057	0.5221621
33.340572	0.5221667
33.360573	0.52216995
33.380573	0.52217174
33.400574	0.5221727
33.420574	0.522174
33.440575	0.5221764
33.460575	0.52217823
33.480576	0.52217877
33.500576	0.52217925
33.520576	0.52217895
33.540577	0.52217716
33.560577	0.5221743
33.580578	0.522171
33.60058	0.52216756
33.62058	0.5221634
33.64058	0.52215886
33.66058	0.5221546
33.68058	0.5221502
33.70058	0.52214575
33.72058	0.5221416
33.74058	0.52213657
33.760582	0.5221317
33.780582	0.5221272
33.800583	0.5221219
33.820583	0.52211666
33.840584	0.522113
33.860584	0.52210945
33.880585	0.5221056
33.900585	0.5221028
33.920586	0.5221
33.940586	0.5220965
33.960587	0.52209234
33.980587	0.52208793
34.000587	0.5220845
34.020588	0.52208173
34.04059	0.52207935
34.06059	0.5220767
34.08059	0.52207303
34.10059	0.52206945
34.12059	0.5220665
34.14059	0.522063
34.16059	0.5220591
34.18059	0.52205455
34.200592	0.52205086
34.220592	0.5220477
34.240593	0.52204436
34.260593	0.52204144
34.280594	0.52203846
34.300594	0.52203536
34.320595	0.52203214
34.340595	0.5220286
34.360596	0.5220244
34.380596	0.5220196
34.400597	0.52201396
34.420597	0.52200824
34.440598	0.5220034
34.460598	0.521999
34.4806	0.5219942
34.5006	0.521989
34.5206	0.5219835
34.5406	0.5219778
34.5606	0.5219712
34.5806	0.5219635
34.6006	0.52195483
34.6206	0.52194595
34.640602	0.5219375
34.660603	0.52193034
34.680603	0.5219244
34.700603	0.5219183
34.720604	0.52191186
34.740604	0.5219062
34.760605	0.5219022
34.780605	0.5218996
34.800606	0.52189726
34.820606	0.5218954
34.840607	0.52189356
34.860607	0.52189165
34.880608	0.5218892
34.900608	0.52188563
34.92061	0.5218813
34.94061	0.52187574
34.96061	0.52186984
34.98061	0.52186483
35.00061	0.52186
35.02061	0.52185464
35.04061	0.52184933
35.06061	0.521844
35.080612	0.52183896
35.100613	0.52183354
35.120613	0.52182776
35.140614	0.52182204
35.160614	0.52181566
35.180614	0.5218089
35.200615	0.52180135
35.220615	0.5217927
35.240616	0.5217844
35.260616	0.5217763
35.280617	0.5217683
35.300617	0.521761
35.320618	0.52175474
35.34062	0.52174914
35.36062	0.52174354
35.38062	0.5217377
35.40062	0.52173173
35.42062	0.5217253
35.44062	0.521719
35.46062	0.5217143
35.48062	0.5217108
35.50062	0.52170753
35.520622	0.52170473
35.540623	0.52170175
35.560623	0.52169883
35.580624	0.52169645
35.600624	0.5216942
35.620625	0.52169174
35.640625	0.5216911
35.660625	0.52169144
35.680626	0.5216918
35.700626	0.52169263
35.720627	0.52169275
35.740627	0.52169204
35.760628	0.5216914
35.78063	0.5216903
35.80063	0.5216882
35.82063	0.5216868
35.84063	0.52168584
35.86063	0.52168345
35.88063	0.5216794
35.90063	0.52167404
35.92063	0.52166784
35.94063	0.5216613
35.960632	0.52165496
35.980633	0.5216485
36.000633	0.5216425
36.020634	0.52163684
36.040634	0.521631
36.060635	0.5216243
36.080635	0.52161807
36.100636	0.5216135
36.120636	0.5216098
36.140636	0.5216064
36.160637	0.5216036
36.180637	0.5216007
36.200638	0.52159816
36.22064	0.5215956
36.24064	0.5215911
36.26064	0.52158546
36.28064	0.52158076
36.30064	0.5215771
36.32064	0.52157325
36.34064	0.5215689
36.36064	0.52156484
36.380642	0.52156186
36.400642	0.52156097
36.420643	0.5215608
36.440643	0.521561
36.460644	0.5215619
36.480644	0.5215616
36.500645	0.5215605
36.520645	0.5215594
36.540646	0.5215585
36.560646	0.5215586
36.580647	0.521559
36.600647	0.5215602
36.620647	0.52156246
36.640648	0.52156544
36.66065	0.52156913
36.68065	0.5215731
36.70065	0.52157724
36.72065	0.5215821
36.74065	0.5215874
36.76065	0.5215921
36.78065	0.5215976
36.80065	0.52160466
36.820652	0.5216125
36.840652	0.5216198
36.860653	0.5216266
36.880653	0.5216342
36.900654	0.52164257
36.920654	0.5216515
36.940655	0.52166086
36.960655	0.5216695
36.980656	0.52167726
37.000656	0.52168465
37.020657	0.5216907
37.040657	0.5216954
37.060658	0.5216992
37.080658	0.52170295
37.10066	0.521707
37.12066	0.52171147
37.14066	0.52171624
37.16066	0.52172065
37.18066	0.52172416
37.20066	0.52172744
37.22066	0.52173173
37.24066	0.52173746
37.260662	0.5217432
37.280663	0.52174884
37.300663	0.5217538
37.320663	0.52175736
37.340664	0.52176017
37.360664	0.52176225
37.380665	0.5217643
37.400665	0.5217665
37.420666	0.5217682
37.440666	0.5217695
37.460667	0.52177113
37.480667	0.52177274
37.500668	0.52177346
37.520668	0.521773
37.54067	0.5217725
37.56067	0.52177334
37.58067	0.5217749
37.60067	0.52177596
37.62067	0.5217769
37.64067	0.5217789
37.66067	0.5217817
37.68067	0.5217844
37.700672	0.52178675
37.720673	0.52178967
37.740673	0.52179253
37.760674	0.52179456
37.780674	0.52179646
37.800674	0.5217987
37.820675	0.5218008
37.840675	0.52180254
37.860676	0.5218035
37.880676	0.5218042
37.900677	0.5218064
37.920677	0.52180934
37.940678	0.5218122
37.96068	0.52181536
37.98068	0.52181864
38.00068	0.5218222
38.02068	0.5218258
38.04068	0.5218285
38.06068	0.52183044
38.08068	0.52183145
38.10068	0.521832
38.12068	0.5218327
38.140682	0.5218334
38.160683	0.52183414
38.180683	0.52183384
38.200684	0.5218327
38.220684	0.52183115
38.240685	0.52182996
38.260685	0.5218294
38.280685	0.5218283
38.300686	0.5218272
38.320686	0.5218265
38.340687	0.5218257
38.360687	0.52182466
38.380688	0.5218231
38.40069	0.5218215
38.42069	0.5218208
38.44069	0.52182114
38.46069	0.5218217
38.48069	0.5218227
38.50069	0.52182394
38.52069	0.52182376
38.54069	0.52182233
38.56069	0.5218203
38.580692	0.5218179
38.600693	0.52181435
38.620693	0.5218096
38.640694	0.52180517
38.660694	0.5218006
38.680695	0.5217961
38.700695	0.5217922
38.720695	0.5217879
38.740696	0.521783
38.760696	0.521778
38.780697	0.52177334
38.800697	0.5217693
38.820698	0.5217658
38.8407	0.5217631
38.8607	0.52176076
38.8807	0.5217581
38.9007	0.5217551
38.9207	0.52175117
38.9407	0.5217458
38.9607	0.5217395
38.9807	0.5217334
39.0007	0.52172816
39.020702	0.521723
39.040703	0.52171767
39.060703	0.5217119
39.080704	0.5217056
39.100704	0.5216987
39.120705	0.52169126
39.140705	0.5216835
39.160706	0.521675
39.180706	0.5216661
39.200706	0.52165854
39.220707	0.5216516
39.240707	0.52164495
39.260708	0.5216383
39.28071	0.52163184
39.30071	0.52162564
39.32071	0.52161944
39.34071	0.521613
39.36071	0.5216059
39.38071	0.52159864
39.40071	0.5215918
39.42071	0.5215851
39.440712	0.52157867
39.460712	0.5215717
39.480713	0.52156436
39.500713	0.52155775
39.520714	0.52155256
39.540714	0.52154833
39.560715	0.521544
39.580715	0.52153945
39.600716	0.52153534
39.620716	0.5215321
39.640717	0.52153003
39.660717	0.52152836
39.680717	0.5215267
39.700718	0.52152526
39.72072	0.52152455
39.74072	0.52152455
39.76072	0.5215255
39.78072	0.52152663
39.80072	0.52152663
39.82072	0.52152556
39.84072	0.52152467
39.86072	0.5215245
39.880722	0.52152437
39.900723	0.52152455
39.920723	0.5215248
39.940723	0.5215252
39.960724	0.52152526
39.980724	0.52152526
40.000725	0.52152663
40.020725	0.5215291
40.040726	0.52153134
40.060726	0.52153367
40.080727	0.5215367
40.100727	0.5215402
40.120728	0.52154374
40.140728	0.52154696
40.16073	0.5215499
40.18073	0.5215514
40.20073	0.52155197
40.22073	0.52155244
40.24073	0.52155274
40.26073	0.5215533
40.28073	0.5215541
40.30073	0.5215553
40.320732	0.5215563
40.340733	0.5215567
40.360733	0.52155674
40.380733	0.521557
40.400734	0.52155846
40.420734	0.5215614
40.440735	0.5215653
40.460735	0.5215696
40.480736	0.5215742
40.500736	0.521579
40.520737	0.5215838
40.540737	0.5215888
40.560738	0.52159375
40.580738	0.5215989
40.60074	0.5216038
40.62074	0.5216084
40.64074	0.52161336
40.66074	0.52161896
40.68074	0.5216252
40.70074	0.52163213
40.72074	0.52163935
40.74074	0.52164525
40.760742	0.52164984
40.780743	0.5216546
40.800743	0.5216593
40.820744	0.5216636
40.840744	0.5216676
40.860744	0.52167153
40.880745	0.5216763
40.900745	0.52168167
40.920746	0.52168703
40.940746	0.52169204
40.960747	0.52169716
40.980747	0.52170277
41.000748	0.52170885
41.02075	0.52171504
41.04075	0.52172077
41.06075	0.5217262
41.08075	0.5217313
41.10075	0.5217362
41.12075	0.5217403
41.14075	0.52174336
41.16075	0.5217453
41.18075	0.52174735
41.200752	0.52174926
41.220753	0.5217515
41.240753	0.52175486
41.260754	0.5217594
41.280754	0.5217653
41.300755	0.5217717
41.320755	0.5217788
41.340755	0.52178574
41.360756	0.52179193
41.380756	0.521798
41.400757	0.5218046
41.420757	0.5218111
41.440758	0.52181715
41.46076	0.5218225
41.48076	0.5218274
41.50076	0.52183187
41.52076	0.52183646
41.54076	0.5218417
41.56076	0.5218475
41.58076	0.52185315
41.60076	0.5218582
41.62076	0.52186275
41.640762	0.5218669
41.660763	0.5218704
41.680763	0.52187365
41.700764	0.52187824
41.720764	0.52188444
41.740765	0.5218904
41.760765	0.5218945
41.780766	0.52189827
41.800766	0.52190256
41.820766	0.52190685
41.840767	0.5219114
41.860767	0.5219158
41.880768	0.5219202
41.90077	0.52192545
41.92077	0.52193093
41.94077	0.52193654
41.96077	0.52194214
41.98077	0.5219457
42.00077	0.5219481
42.02077	0.52194977
42.04077	0.52195024
42.060772	0.5219506
42.080772	0.5219501
42.100773	0.52194893
42.120773	0.5219487
42.140774	0.52194893
42.160774	0.52194846
42.180775	0.52194756
42.200775	0.5219474
42.220776	0.5219467
42.240776	0.52194554
42.260777	0.521945
42.280777	0.5219445
42.300777	0.521943
42.320778	0.5219408
42.34078	0.5219393
42.36078	0.5219382
42.38078	0.52193725
42.40078	0.521937
42.42078	0.5219375
42.44078	0.52193844
42.46078	0.5219401
42.48078	0.52194214
42.500782	0.52194387
42.520782	0.5219445
42.540783	0.5219447
42.560783	0.521945
42.580784	0.5219456
42.600784	0.5219468
42.620785	0.52194864
42.640785	0.52195084
42.660786	0.5219526
42.680786	0.5219543
42.700787	0.52195644
42.720787	0.5219586
42.740788	0.5219606
42.760788	0.52196205
42.78079	0.5219625
42.80079	0.52196217
42.82079	0.5219617
42.84079	0.521961
42.86079	0.5219593
42.88079	0.52195716
42.90079	0.5219544
42.92079	0.5219514
42.940792	0.5219486
42.960793	0.52194655
42.980793	0.5219438
43.000793	0.52194023
43.020794	0.521936
43.040794	0.5219319
43.060795	0.52192783
43.080795	0.52192414
43.100796	0.5219207
43.120796	0.521917
43.140797	0.5219135
43.160797	0.5219092
43.180798	0.5219043
43.200798	0.5218998
43.2208	0.5218952
43.2408	0.52189034
43.2608	0.5218862
43.2808	0.52188313
43.3008	0.521881
43.3208	0.5218798
43.3408	0.52187926
43.3608	0.521879
43.380802	0.52187836
43.400803	0.5218776
43.420803	0.521877
43.440804	0.5218762
43.460804	0.5218753
43.480804	0.5218738
43.500805	0.521871
43.520805	0.52186733
43.540806	0.5218631
43.560806	0.5218583
43.580807	0.52185285
43.600807	0.52184784
43.620808	0.521844
43.64081	0.52184033
43.66081	0.5218366
43.68081	0.5218331
43.70081	0.5218278
43.72081	0.521822
43.74081	0.521817
43.76081	0.5218129
43.78081	0.52180946
43.80081	0.52180624
43.820812	0.52180326
43.840813	0.5218007
43.860813	0.5217985
43.880814	0.5217963
43.900814	0.5217939
43.920815	0.5217917
43.940815	0.5217893
43.960815	0.5217862
43.980816	0.5217831
44.000816	0.52178085
44.020817	0.5217782
44.040817	0.521776
44.060818	0.521775
44.08082	0.52177346
44.10082	0.5217714
44.12082	0.52176964
44.14082	0.5217684
44.16082	0.52176785
44.18082	0.5217682
44.20082	0.5217687
44.22082	0.5217686
44.24082	0.5217682
44.260822	0.5217671
44.280823	0.5217654
44.300823	0.5217649
44.320824	0.5217655
44.340824	0.5217663
44.360825	0.52176654
44.380825	0.5217668
44.400826	0.5217673
44.420826	0.52176833
44.440826	0.52176875
44.460827	0.5217672
44.480827	0.521764
44.500828	0.5217602
44.52083	0.521756
44.54083	0.5217514
44.56083	0.5217465
44.58083	0.521742
44.60083	0.5217372
44.62083	0.52173233
44.64083	0.5217283
44.66083	0.5217248
44.680832	0.5217223
44.700832	0.5217202
44.720833	0.52171826
44.740833	0.5217167
44.760834	0.5217153
44.780834	0.52171385
44.800835	0.52171326
44.820835	0.5217134
44.840836	0.52171284
44.860836	0.5217112
44.880836	0.5217085
44.900837	0.52170545
44.920837	0.5217025
44.940838	0.52169925
44.96084	0.5216956
44.98084	0.5216923
45.00084	0.5216885
45.02084	0.521684
45.04084	0.52167857
45.06084	0.52167296
45.08084	0.52166796
45.10084	0.52166295
45.120842	0.52165854
45.140842	0.52165514
45.160843	0.5216519
45.180843	0.521649
45.200844	0.521647
45.220844	0.52164507
45.240845	0.52164376
45.260845	0.5216429
45.280846	0.52164185
45.300846	0.52164054
45.320847	0.52163965
45.340847	0.52164006
45.360847	0.52164096
45.380848	0.521641
45.40085	0.52164006
45.42085	0.52163815
45.44085	0.521636
45.46085	0.52163357
45.48085	0.5216305
45.50085	0.5216265
45.52085	0.52162194
45.54085	0.52161723
45.560852	0.5216129
45.580853	0.5216104
45.600853	0.521608
45.620853	0.5216048
45.640854	0.52160215
45.660854	0.52159977
45.680855	0.5215975
45.700855	0.5215962
45.720856	0.5215954
45.740856	0.52159494
45.760857	0.5215943
45.780857	0.52159274
45.800858	0.52159107
45.820858	0.5215894
45.84086	0.5215869
45.86086	0.52158475
45.88086	0.5215831
45.90086	0.5215821
45.92086	0.5215812
45.94086	0.5215795
45.96086	0.52157795
45.98086	0.5215762
46.000862	0.521574
46.020863	0.5215717
46.040863	0.5215703
46.060863	0.5215698
46.080864	0.5215696
46.100864	0.52157056
46.120865	0.52157205
46.140865	0.5215728
46.160866	0.52157307
46.180866	0.5215733
46.200867	0.52157336
46.220867	0.5215732
46.240868	0.52157307
46.260868	0.52157235
46.28087	0.52157146
46.30087	0.52157146
46.32087	0.521572
46.34087	0.5215734
46.36087	0.521576
46.38087	0.52157915
46.40087	0.5215825
46.42087	0.52158535
46.440872	0.52158755
46.460873	0.52158916
46.480873	0.52159023
46.500874	0.5215908
46.520874	0.5215914
46.540874	0.52159214
46.560875	0.5215925
46.580875	0.5215926
46.600876	0.5215934
46.620876	0.5215948
46.640877	0.5215974
46.660877	0.5216013
46.680878	0.52160513
46.70088	0.5216089
46.72088	0.5216127
46.74088	0.5216154
46.76088	0.521617
46.78088	0.52161855
46.80088	0.5216205
46.82088	0.5216229
46.84088	0.52162457
46.86088	0.5216255
46.880882	0.52162707
46.900883	0.52162963
46.920883	0.52163255
46.940884	0.5216358
46.960884	0.5216398
46.980885	0.52164376
47.000885	0.5216465
47.020885	0.521649
47.040886	0.52165157
47.060886	0.5216539
47.080887	0.5216559
47.100887	0.521658
47.120888	0.5216599
47.14089	0.5216603
47.16089	0.5216594
47.18089	0.52165747
47.20089	0.52165437
47.22089	0.521651
47.24089	0.5216472
47.26089	0.5216437
47.28089	0.52164054
47.30089	0.5216367
47.320892	0.52163315
47.340893	0.52163076
47.360893	0.5216292
47.380894	0.5216278
47.400894	0.52162623
47.420895	0.52162576
47.440895	0.5216265
47.460896	0.5216278
47.480896	0.5216299
47.500896	0.52163154
47.520897	0.5216324
47.540897	0.5216334
47.560898	0.5216339
47.5809	0.5216344
47.6009	0.52163476
47.6209	0.52163535
47.6409	0.5216358
47.6609	0.5216352
47.6809	0.52163386
47.7009	0.5216322
47.7209	0.52163076
47.740902	0.5216295
47.760902	0.5216287
47.780903	0.5216283
47.800903	0.52162814
47.820904	0.52162755
47.840904	0.52162635
47.860905	0.52162516
47.880905	0.52162427
47.900906	0.5216238
47.920906	0.5216247
47.940907	0.52162766
47.960907	0.5216317
47.980907	0.52163523
48.000908	0.5216379
48.02091	0.5216407
48.04091	0.5216441
48.06091	0.5216477
48.08091	0.5216509
48.10091	0.5216539
48.12091	0.5216565
48.14091	0.52165866
48.16091	0.5216607
48.180912	0.5216626
48.200912	0.52166414
48.220913	0.52166486
48.240913	0.52166545
48.260914	0.5216669
48.280914	0.5216679
48.300915	0.5216684
48.320915	0.52166885
48.340916	0.5216698
48.360916	0.5216715
48.380917	0.5216732
48.400917	0.52167535
48.420918	0.5216782
48.440918	0.52168167
48.46092	0.52168524
48.48092	0.5216893
48.50092	0.52169406
48.52092	0.52169865
48.54092	0.52170265
48.56092	0.521706
48.58092	0.521708
48.60092	0.5217083
48.620922	0.52170855
48.640923	0.5217091
48.660923	0.5217098
48.680923	0.5217104
48.700924	0.5217115
48.720924	0.5217133
48.740925	0.52171534
48.760925	0.5217172
48.780926	0.5217181
48.800926	0.52171934
48.820927	0.5217215
48.840927	0.5217229
48.860928	0.52172387
48.880928	0.52172446
48.90093	0.5217242
48.92093	0.52172387
48.94093	0.5217241
48.96093	0.5217242
48.98093	0.52172446
49.00093	0.521724
49.02093	0.52172333
49.04093	0.5217238
49.060932	0.52172446
49.080933	0.5217248
49.100933	0.52172434
49.120934	0.5217226
49.140934	0.5217205
49.160934	0.5217188
49.180935	0.5217179
49.200935	0.5217172
49.220936	0.521716
49.240936	0.52171487
49.260937	0.52171373
49.280937	0.521713
49.300938	0.5217132
49.32094	0.521713
49.34094	0.5217128
49.36094	0.52171326
49.38094	0.52171403
49.40094	0.52171457
49.42094	0.5217154
49.44094	0.5217173
49.46094	0.5217198
49.48094	0.5217234
49.500942	0.5217273
49.520943	0.5217303
49.540943	0.5217333
49.560944	0.521737
49.580944	0.52174145
49.600945	0.52174675
49.620945	0.5217523
49.640945	0.5217585
49.660946	0.5217662
49.680946	0.5217749
49.700947	0.52178335
49.720947	0.5217917
49.740948	0.52180004
49.76095	0.5218076
49.78095	0.5218142
49.80095	0.52181965
49.82095	0.5218246
49.84095	0.5218301
49.86095	0.52183634
49.88095	0.52184296
49.90095	0.52184975
49.92095	0.52185595
49.940952	0.52186215
49.960953	0.52186847
49.980953	0.52187467
50.0	0.5218806
