0.0	0.60000026
0.02	0.5999886
0.04	0.5999551
0.06	0.5999004
0.08	0.59982514
0.099999994	0.5997306
0.11999999	0.59961784
0.13999999	0.5994875
0.15999998	0.5993391
0.17999998	0.5991738
0.19999997	0.5989929
0.21999997	0.59879625
0.23999996	0.5985837
0.25999996	0.59835577
0.27999997	0.5981135
0.29999998	0.5978576
0.32	0.5975889
0.34	0.5973073
0.36	0.59701383
0.38000003	0.59670913
0.40000004	0.5963937
0.42000005	0.59606826
0.44000006	0.5957334
0.46000007	0.59538925
0.48000008	0.59503615
0.50000006	0.5946744
0.52000004	0.5943036
0.54	0.5939244
0.56	0.59353745
0.58	0.5931433
0.59999996	0.5927428
0.61999995	0.59233594
0.6399999	0.59192425
0.6599999	0.5915071
0.6799999	0.5910839
0.69999987	0.5906567
0.71999985	0.59022564
0.73999983	0.58979064
0.7599998	0.58935213
0.7799998	0.5889096
0.7999998	0.5884633
0.81999975	0.58801305
0.83999974	0.5875596
0.8599997	0.58710325
0.8799997	0.5866442
0.8999997	0.58618367
0.91999966	0.58572143
0.93999964	0.58525705
0.9599996	0.58478993
0.9799996	0.5843215
0.9999996	0.5838518
1.0199996	0.58338004
1.0399996	0.5829066
1.0599996	0.5824326
1.0799996	0.5819588
1.0999995	0.5814847
1.1199995	0.5810109
1.1399995	0.58053714
1.1599995	0.5800634
1.1799995	0.5795902
1.1999995	0.5791171
1.2199994	0.57864404
1.2399994	0.5781722
1.2599994	0.5777012
1.2799994	0.5772302
1.2999994	0.5767605
1.3199993	0.5762923
1.3399993	0.57582545
1.3599993	0.5753613
1.3799993	0.57490027
1.3999993	0.5744417
1.4199992	0.5739845
1.4399992	0.5735278
1.4599992	0.57307225
1.4799992	0.5726187
1.4999992	0.57216734
1.5199991	0.57171935
1.5399991	0.5712745
1.5599991	0.5708312
1.5799991	0.5703895
1.5999991	0.56994975
1.619999	0.569512
1.639999	0.5690769
1.659999	0.56864417
1.679999	0.5682135
1.699999	0.5677842
1.719999	0.5673566
1.7399989	0.56693166
1.7599989	0.56650925
1.7799989	0.5660895
1.7999989	0.56567204
1.8199989	0.56525683
1.8399988	0.56484485
1.8599988	0.5644357
1.8799988	0.56402916
1.8999988	0.5636241
1.9199988	0.56322074
1.9399987	0.5628197
1.9599987	0.56242156
1.9799987	0.56202674
1.9999987	0.56163543
2.0199988	0.5612474
2.0399988	0.560863
2.0599988	0.5604822
2.0799987	0.56010544
2.0999987	0.5597321
2.1199987	0.5593612
2.1399987	0.55899274
2.1599987	0.558627
2.1799986	0.55826414
2.1999986	0.55790365
2.2199986	0.5575457
2.2399986	0.557191
2.2599986	0.55684036
2.2799985	0.5564933
2.2999985	0.5561496
2.3199985	0.5558091
2.3399985	0.55547154
2.3599985	0.5551374
2.3799984	0.5548078
2.3999984	0.554483
2.4199984	0.5541621
2.4399984	0.553844
2.4599984	0.55352813
2.4799984	0.5532144
2.4999983	0.5529022
2.5199983	0.5525923
2.5399983	0.5522854
2.5599983	0.55198085
2.5799983	0.5516788
2.5999982	0.5513798
2.6199982	0.5510845
2.6399982	0.5507934
2.6599982	0.5505053
2.6799982	0.5502197
2.6999981	0.5499369
2.7199981	0.54965687
2.739998	0.5493792
2.759998	0.5491039
2.779998	0.54883206
2.799998	0.54856294
2.819998	0.5482959
2.839998	0.54803145
2.859998	0.54776895
2.879998	0.54750925
2.899998	0.547253
2.919998	0.54699963
2.939998	0.5467473
2.959998	0.5464964
2.9799979	0.5462473
2.9999979	0.54600024
3.0199978	0.5457549
3.0399978	0.54551095
3.0599978	0.545268
3.0799978	0.5450264
3.0999978	0.5447874
3.1199977	0.5445515
3.1399977	0.5443179
3.1599977	0.5440856
3.1799977	0.54385567
3.1999977	0.54362917
3.2199976	0.5434059
3.2399976	0.5431853
3.2599976	0.5429664
3.2799976	0.5427488
3.2999976	0.5425323
3.3199975	0.5423175
3.3399975	0.5421039
3.3599975	0.54189205
3.3799975	0.5416831
3.3999975	0.5414766
3.4199975	0.5412717
3.4399974	0.54106784
3.4599974	0.5408664
3.4799974	0.54066694
3.4999974	0.54047006
3.5199974	0.54027605
3.5399973	0.5400846
3.5599973	0.5398953
3.5799973	0.53970736
3.5999973	0.53952
3.6199973	0.5393343
3.6399972	0.5391508
3.6599972	0.5389682
3.6799972	0.5387864
3.6999972	0.5386073
3.7199972	0.5384308
3.7399971	0.5382556
3.7599971	0.5380815
3.779997	0.5379089
3.799997	0.53773725
3.819997	0.53756696
3.839997	0.5373976
3.859997	0.53723
3.879997	0.5370648
3.899997	0.5369022
3.919997	0.5367415
3.939997	0.5365826
3.959997	0.53642505
3.979997	0.5362689
3.999997	0.5361145
4.019997	0.5359615
4.039997	0.53580916
4.059997	0.535658
4.079997	0.5355091
4.099997	0.53536177
4.119997	0.53521496
4.139997	0.53506947
4.159997	0.53492653
4.179997	0.5347855
4.199997	0.5346458
4.219997	0.53450793
4.239997	0.53437126
4.259997	0.53423464
4.279997	0.53409904
4.299997	0.5339657
4.319997	0.533836
4.339997	0.5337093
4.359997	0.5335851
4.379997	0.53346336
4.3999968	0.53334284
4.4199967	0.53322387
4.4399967	0.53310627
4.4599967	0.5329895
4.4799967	0.5328741
4.4999967	0.53275967
4.5199966	0.5326464
4.5399966	0.53253496
4.5599966	0.53242457
4.5799966	0.53231466
4.5999966	0.53220457
4.6199965	0.53209364
4.6399965	0.531983
4.6599965	0.5318736
4.6799965	0.53176415
4.6999965	0.5316544
4.7199965	0.5315454
4.7399964	0.53143847
4.7599964	0.53133273
4.7799964	0.53122693
4.7999964	0.5311219
4.8199964	0.53101754
4.8399963	0.53091455
4.8599963	0.53081274
4.8799963	0.53071177
4.8999963	0.53061134
4.9199963	0.53051114
4.9399962	0.530411
4.959996	0.53031135
4.979996	0.53021204
4.999996	0.5301132
5.019996	0.530015
5.039996	0.5299171
5.059996	0.5298202
5.079996	0.5297257
5.099996	0.5296332
5.119996	0.5295426
5.139996	0.52945375
5.159996	0.52936673
5.179996	0.52928066
5.199996	0.52919495
5.219996	0.52911055
5.239996	0.52902806
5.259996	0.528947
5.279996	0.52886736
5.299996	0.528789
5.319996	0.5287115
5.339996	0.52863455
5.359996	0.52855885
5.379996	0.5284841
5.399996	0.52840954
5.419996	0.5283361
5.439996	0.5282645
5.4599957	0.5281949
5.4799957	0.52812624
5.4999957	0.528059
5.5199957	0.52799296
5.5399957	0.5279267
5.5599957	0.52786005
5.5799956	0.5277928
5.5999956	0.5277252
5.6199956	0.52765864
5.6399956	0.52759373
5.6599956	0.5275296
5.6799955	0.5274662
5.6999955	0.5274034
5.7199955	0.5273412
5.7399955	0.5272792
5.7599955	0.52721786
5.7799954	0.5271567
5.7999954	0.52709484
5.8199954	0.52703285
5.8399954	0.52697176
5.8599954	0.5269108
5.8799953	0.52685034
5.8999953	0.52679116
5.9199953	0.52673316
5.9399953	0.5266765
5.9599953	0.526621
5.9799953	0.52656674
5.999995	0.52651346
6.019995	0.5264603
6.039995	0.5264069
6.059995	0.5263541
6.079995	0.5263022
6.099995	0.52624977
6.119995	0.5261973
6.139995	0.52614504
6.159995	0.5260929
6.179995	0.5260416
6.199995	0.5259907
6.219995	0.5259392
6.239995	0.52588785
6.259995	0.5258365
6.279995	0.52578527
6.299995	0.52573484
6.319995	0.5256846
6.339995	0.5256341
6.359995	0.5255841
6.379995	0.5255345
6.399995	0.5254855
6.419995	0.5254368
6.439995	0.5253885
6.459995	0.5253409
6.479995	0.5252936
6.4999948	0.5252463
6.5199947	0.5251999
6.5399947	0.5251541
6.5599947	0.5251081
6.5799947	0.5250629
6.5999947	0.5250186
6.6199946	0.52497464
6.6399946	0.5249316
6.6599946	0.52489036
6.6799946	0.5248505
6.6999946	0.524811
6.7199945	0.52477115
6.7399945	0.524731
6.7599945	0.52469105
6.7799945	0.52465165
6.7999945	0.52461356
6.8199944	0.5245762
6.8399944	0.52453923
6.8599944	0.5245027
6.8799944	0.52446663
6.8999944	0.52443117
6.9199944	0.52439594
6.9399943	0.524361
6.9599943	0.5243268
6.9799943	0.52429295
6.9999943	0.5242599
7.0199943	0.5242287
7.0399942	0.5241988
7.059994	0.5241693
7.079994	0.52414024
7.099994	0.5241116
7.119994	0.5240829
7.139994	0.5240535
7.159994	0.5240232
7.179994	0.5239926
7.199994	0.523963
7.219994	0.5239341
7.239994	0.5239054
7.259994	0.52387685
7.279994	0.5238497
7.299994	0.5238227
7.319994	0.5237956
7.339994	0.523769
7.359994	0.5237426
7.379994	0.5237167
7.399994	0.5236914
7.419994	0.5236664
7.439994	0.52364093
7.459994	0.5236151
7.479994	0.52359045
7.499994	0.5235661
7.519994	0.5235417
7.539994	0.5235179
7.5599937	0.5234953
7.5799937	0.5234735
7.5999937	0.5234518
7.6199937	0.5234307
7.6399937	0.52341
7.6599936	0.523389
7.6799936	0.5233674
7.6999936	0.52334523
7.7199936	0.52332306
7.7399936	0.52330124
7.7599936	0.523279
7.7799935	0.52325606
7.7999935	0.5232326
7.8199935	0.5232087
7.8399935	0.5231843
7.8599935	0.52315986
7.8799934	0.52313447
7.8999934	0.5231083
7.9199934	0.52308166
7.9399934	0.52305514
7.9599934	0.52302915
7.9799933	0.5230032
7.9999933	0.5229769
8.019994	0.52294946
8.039994	0.52292174
8.059995	0.5228939
8.079995	0.52286637
8.099996	0.52283967
8.119996	0.5228128
8.139997	0.52278525
8.159997	0.52275777
8.179997	0.5227301
8.199998	0.5227028
8.219998	0.5226759
8.239999	0.52264935
8.259999	0.522623
8.28	0.5225967
8.3	0.52257055
8.320001	0.52254355
8.340001	0.5225158
8.360002	0.52248806
8.380002	0.52246106
8.4000025	0.52243435
8.420003	0.5224082
8.440003	0.5223822
8.460004	0.5223565
8.480004	0.5223323
8.500005	0.52230906
8.520005	0.5222865
8.540006	0.52226424
8.560006	0.5222423
8.580007	0.5222213
8.600007	0.5222012
8.6200075	0.52218103
8.640008	0.52216005
8.660008	0.5221384
8.680009	0.52211744
8.700009	0.52209663
8.72001	0.52207565
8.74001	0.5220543
8.760011	0.52203274
8.780011	0.522012
8.800012	0.5219929
8.820012	0.5219751
8.840013	0.521958
8.860013	0.5219408
8.880013	0.5219239
8.900014	0.52190703
8.920014	0.52188957
8.940015	0.5218723
8.960015	0.5218553
8.980016	0.52183855
9.000016	0.5218217
9.020017	0.5218052
9.040017	0.5217892
9.060018	0.5217738
9.080018	0.52175885
9.1000185	0.52174354
9.120019	0.52172756
9.140019	0.52171135
9.16002	0.52169514
9.18002	0.5216793
9.200021	0.5216636
9.220021	0.5216483
9.240022	0.52163386
9.260022	0.52162063
9.280023	0.521608
9.300023	0.5215955
9.320024	0.5215833
9.340024	0.52157104
9.360024	0.5215581
9.380025	0.52154535
9.400025	0.52153295
9.420026	0.52152073
9.440026	0.5215081
9.460027	0.5214951
9.480027	0.521482
9.500028	0.5214689
9.520028	0.5214561
9.540029	0.52144396
9.560029	0.5214317
9.5800295	0.52141875
9.60003	0.5214057
9.62003	0.521392
9.640031	0.5213771
9.660031	0.5213622
9.680032	0.52134734
9.700032	0.52133244
9.720033	0.5213172
9.740033	0.5213026
9.760034	0.5212894
9.780034	0.52127755
9.8000345	0.52126694
9.820035	0.5212568
9.840035	0.52124655
9.860036	0.52123535
9.880036	0.52122325
9.900037	0.52121043
9.920037	0.52119744
9.940038	0.52118504
9.960038	0.5211729
9.980039	0.5211605
10.000039	0.521148
10.02004	0.52113557
10.04004	0.5211232
10.06004	0.5211109
10.080041	0.52109814
10.100041	0.52108544
10.120042	0.52107394
10.140042	0.52106285
10.160043	0.5210523
10.180043	0.5210413
10.200044	0.52102935
10.220044	0.5210172
10.240045	0.52100456
10.260045	0.5209913
10.2800455	0.52097684
10.300046	0.5209615
10.320046	0.5209461
10.340047	0.5209309
10.360047	0.52091587
10.380048	0.5209011
10.400048	0.52088726
10.420049	0.5208744
10.440049	0.5208626
10.46005	0.520851
10.48005	0.52083945
10.500051	0.5208292
10.520051	0.52081954
10.540051	0.52081025
10.560052	0.5208008
10.580052	0.52079153
10.600053	0.5207819
10.620053	0.520771
10.640054	0.52075887
10.660054	0.52074516
10.680055	0.5207311
10.700055	0.520717
10.720056	0.520702
10.740056	0.5206866
10.7600565	0.52067256
10.780057	0.52066
10.800057	0.5206477
10.820058	0.52063596
10.840058	0.5206244
10.860059	0.520613
10.880059	0.52060235
10.90006	0.5205915
10.92006	0.5205796
10.940061	0.5205673
10.960061	0.5205555
10.980062	0.52054405
11.000062	0.52053267
11.020062	0.52052104
11.040063	0.52050984
11.060063	0.52049935
11.080064	0.5204896
11.100064	0.5204799
11.120065	0.5204706
11.140065	0.5204617
11.160066	0.5204537
11.180066	0.520447
11.200067	0.5204412
11.220067	0.5204357
11.2400675	0.52043015
11.260068	0.52042365
11.280068	0.52041644
11.300069	0.52041
11.320069	0.520404
11.34007	0.5203983
11.36007	0.52039355
11.380071	0.5203888
11.400071	0.5203832
11.420072	0.520377
11.440072	0.5203707
11.4600725	0.52036464
11.480073	0.5203588
11.500073	0.52035326
11.520074	0.5203482
11.540074	0.5203444
11.560075	0.52034175
11.580075	0.5203388
11.600076	0.52033484
11.620076	0.52033126
11.640077	0.52032775
11.660077	0.5203233
11.680078	0.5203186
11.700078	0.5203142
11.720078	0.52030957
11.740079	0.52030414
11.760079	0.5202989
11.78008	0.520294
11.80008	0.5202892
11.820081	0.52028435
11.840081	0.52027893
11.860082	0.5202733
11.880082	0.5202675
11.900083	0.52026105
11.920083	0.520255
11.9400835	0.5202495
11.960084	0.52024364
11.980084	0.52023804
12.000085	0.5202333
12.020085	0.5202291
12.040086	0.5202259
12.060086	0.52022326
12.080087	0.520221
12.100087	0.5202198
12.120088	0.52022016
12.140088	0.52022034
12.160089	0.5202191
12.180089	0.5202172
12.200089	0.52021563
12.22009	0.5202143
12.24009	0.5202134
12.260091	0.52021205
12.280091	0.52020884
12.300092	0.5202041
12.320092	0.52019995
12.340093	0.5201963
12.360093	0.52019286
12.380094	0.52018976
12.400094	0.5201869
12.4200945	0.5201844
12.440095	0.52018213
12.460095	0.5201795
12.480096	0.52017677
12.500096	0.52017415
12.520097	0.520172
12.540097	0.5201708
12.560098	0.5201702
12.580098	0.5201703
12.600099	0.5201699
12.620099	0.5201688
12.6401	0.52016765
12.6601	0.520166
12.6801	0.5201638
12.700101	0.52016175
12.720101	0.52016026
12.740102	0.5201592
12.760102	0.5201589
12.780103	0.5201591
12.800103	0.5201595
12.820104	0.52015936
12.840104	0.5201593
12.860105	0.5201595
12.880105	0.52015936
12.900105	0.5201584
12.920106	0.52015686
12.940106	0.520156
12.960107	0.52015543
12.980107	0.52015364
13.000108	0.520152
13.020108	0.52015144
13.040109	0.5201513
13.060109	0.5201513
13.08011	0.520152
13.10011	0.5201529
13.1201105	0.5201528
13.140111	0.5201518
13.160111	0.5201504
13.180112	0.52014846
13.200112	0.5201461
13.220113	0.5201435
13.240113	0.520141
13.260114	0.5201388
13.280114	0.52013665
13.300115	0.52013475
13.320115	0.520133
13.340116	0.5201314
13.360116	0.5201297
13.380116	0.5201287
13.400117	0.5201291
13.420117	0.52012944
13.440118	0.5201288
13.460118	0.5201278
13.480119	0.52012706
13.500119	0.5201256
13.52012	0.52012265
13.54012	0.5201187
13.560121	0.5201154
13.580121	0.52011234
13.6001215	0.52010876
13.620122	0.52010554
13.640122	0.5201032
13.660123	0.52010155
13.680123	0.5200998
13.700124	0.52009857
13.720124	0.5200974
13.740125	0.5200967
13.760125	0.5200962
13.780126	0.52009475
13.800126	0.52009326
13.820127	0.52009165
13.840127	0.52009046
13.860127	0.52008975
13.880128	0.5200889
13.900128	0.52008796
13.920129	0.52008724
13.940129	0.5200858
13.96013	0.52008307
13.98013	0.5200809
14.000131	0.52007973
14.020131	0.5200776
14.040132	0.5200744
14.060132	0.520071
14.0801325	0.5200671
14.100133	0.52006245
14.120133	0.52005655
14.140134	0.5200511
14.160134	0.52004653
14.180135	0.52004147
14.200135	0.52003634
14.220136	0.5200311
14.240136	0.52002555
14.260137	0.5200205
14.280137	0.52001476
14.3001375	0.5200073
14.320138	0.5199995
14.340138	0.5199923
14.360139	0.51998574
14.380139	0.51997983
14.40014	0.51997375
14.42014	0.5199679
14.440141	0.51996255
14.460141	0.51995623
14.480142	0.5199494
14.500142	0.5199428
14.520143	0.5199368
14.540143	0.51993084
14.560143	0.519925
14.580144	0.5199201
14.600144	0.51991624
14.620145	0.51991177
14.640145	0.5199079
14.660146	0.5199057
14.680146	0.5199039
14.700147	0.51990175
14.720147	0.5199001
14.740148	0.5198991
14.760148	0.51989853
14.7801485	0.5198981
14.800149	0.5198979
14.820149	0.51989836
14.84015	0.519899
14.86015	0.51989937
14.880151	0.51989955
14.900151	0.5199002
14.920152	0.5199005
14.940152	0.5199007
14.960153	0.519902
14.980153	0.51990396
15.000154	0.51990587
15.020154	0.51990724
15.040154	0.5199084
15.060155	0.51990986
15.080155	0.51991135
15.100156	0.51991266
15.120156	0.5199139
15.140157	0.51991564
15.160157	0.5199177
15.180158	0.51991934
15.200158	0.5199206
15.220159	0.51992106
15.240159	0.5199206
15.2601595	0.51991934
15.28016	0.51991796
15.30016	0.51991665
15.320161	0.5199149
15.340161	0.5199132
15.360162	0.5199121
15.380162	0.5199119
15.400163	0.51991266
15.420163	0.5199145
15.440164	0.5199168
15.460164	0.5199196
15.480165	0.51992273
15.500165	0.51992595
15.520165	0.5199304
15.540166	0.51993656
15.560166	0.5199429
15.580167	0.5199487
15.600167	0.51995444
15.620168	0.5199605
15.640168	0.5199658
15.660169	0.5199707
15.680169	0.51997656
15.70017	0.5199828
15.72017	0.51998895
15.7401705	0.5199955
15.760171	0.52000165
15.780171	0.5200075
15.800172	0.5200131
15.820172	0.52001846
15.840173	0.52002305
15.860173	0.5200268
15.880174	0.52003056
15.900174	0.52003336
15.920175	0.52003556
15.940175	0.5200371
15.9601755	0.52003765
15.980176	0.5200376
16.000175	0.52003765
16.020176	0.5200385
16.040176	0.5200394
16.060177	0.5200401
16.080177	0.520041
16.100178	0.5200424
16.120178	0.52004457
16.140179	0.52004755
16.16018	0.52005124
16.18018	0.52005494
16.20018	0.52005905
16.22018	0.52006316
16.240181	0.520067
16.260181	0.52007
16.280182	0.52007234
16.300182	0.52007425
16.320183	0.5200758
16.340183	0.52007765
16.360184	0.5200795
16.380184	0.52008134
16.400185	0.5200829
16.420185	0.520084
16.440186	0.52008456
16.460186	0.5200854
16.480186	0.5200863
16.500187	0.520087
16.520187	0.5200873
16.540188	0.52008826
16.560188	0.5200903
16.580189	0.5200919
16.60019	0.5200932
16.62019	0.5200952
16.64019	0.52009845
16.66019	0.5201022
16.680191	0.52010584
16.700191	0.5201096
16.720192	0.5201137
16.740192	0.52011764
16.760193	0.52012086
16.780193	0.5201236
16.800194	0.52012634
16.820194	0.52012956
16.840195	0.5201324
16.860195	0.5201348
16.880196	0.5201366
16.900196	0.52013814
16.920197	0.52013993
16.940197	0.5201422
16.960197	0.52014446
16.980198	0.52014625
17.000198	0.52014905
17.020199	0.5201528
17.0402	0.52015567
17.0602	0.5201572
17.0802	0.5201586
17.1002	0.5201601
17.120201	0.52016217
17.140202	0.5201647
17.160202	0.52016735
17.180202	0.5201709
17.200203	0.52017546
17.220203	0.52018076
17.240204	0.520187
17.260204	0.52019393
17.280205	0.5202007
17.300205	0.5202067
17.320206	0.52021205
17.340206	0.52021676
17.360207	0.5202211
17.380207	0.5202249
17.400208	0.5202285
17.420208	0.5202317
17.440208	0.52023447
17.460209	0.5202373
17.48021	0.52023953
17.50021	0.5202414
17.52021	0.5202429
17.54021	0.5202434
17.560211	0.52024204
17.580212	0.5202394
17.600212	0.52023613
17.620213	0.5202322
17.640213	0.52022874
17.660213	0.5202256
17.680214	0.52022266
17.700214	0.5202206
17.720215	0.5202193
17.740215	0.5202181
17.760216	0.52021706
17.780216	0.5202159
17.800217	0.52021396
17.820217	0.5202122
17.840218	0.5202118
17.860218	0.5202124
17.880219	0.5202133
17.900219	0.52021444
17.92022	0.5202163
17.94022	0.5202184
17.96022	0.5202211
17.98022	0.5202237
18.000221	0.5202265
18.020222	0.5202302
18.040222	0.52023417
18.060223	0.5202379
18.080223	0.520242
18.100224	0.5202459
18.120224	0.52024937
18.140224	0.5202528
18.160225	0.5202563
18.180225	0.5202594
18.200226	0.5202621
18.220226	0.5202645
18.240227	0.5202668
18.260227	0.52026856
18.280228	0.5202695
18.300228	0.52026933
18.320229	0.5202687
18.340229	0.5202676
18.36023	0.52026576
18.38023	0.5202644
18.40023	0.52026415
18.42023	0.52026415
18.440231	0.5202641
18.460232	0.5202638
18.480232	0.5202638
18.500233	0.5202642
18.520233	0.5202642
18.540234	0.52026427
18.560234	0.520265
18.580235	0.52026606
18.600235	0.52026695
18.620235	0.5202672
18.640236	0.52026695
18.660236	0.5202675
18.680237	0.52026856
18.700237	0.5202692
18.720238	0.52027017
18.740238	0.52027166
18.760239	0.5202728
18.78024	0.5202732
18.80024	0.52027345
18.82024	0.5202739
18.84024	0.5202737
18.86024	0.52027255
18.880241	0.52027065
18.900242	0.5202675
18.920242	0.52026343
18.940243	0.52025974
18.960243	0.52025557
18.980244	0.52025086
19.000244	0.5202463
19.020245	0.5202416
19.040245	0.5202365
19.060246	0.52023125
19.080246	0.5202255
19.100246	0.5202202
19.120247	0.52021587
19.140247	0.5202111
19.160248	0.5202058
19.180248	0.5202018
19.200249	0.52019787
19.22025	0.5201933
19.24025	0.5201881
19.26025	0.5201819
19.28025	0.5201752
19.300251	0.5201698
19.320251	0.5201651
19.340252	0.52015996
19.360252	0.52015483
19.380253	0.5201508
19.400253	0.52014685
19.420254	0.52014184
19.440254	0.5201365
19.460255	0.52013147
19.480255	0.52012634
19.500256	0.52011985
19.520256	0.52011305
19.540257	0.52010673
19.560257	0.5201004
19.580257	0.52009344
19.600258	0.52008677
19.620258	0.52008045
19.640259	0.52007467
19.66026	0.52006954
19.68026	0.52006507
19.70026	0.5200607
19.72026	0.52005625
19.740261	0.52005196
19.760262	0.520048
19.780262	0.52004397
19.800262	0.5200398
19.820263	0.52003586
19.840263	0.52003276
19.860264	0.5200305
19.880264	0.5200285
19.900265	0.5200262
19.920265	0.5200225
19.940266	0.5200181
19.960266	0.5200133
19.980267	0.5200081
20.000267	0.52000403
20.020267	0.5200008
20.040268	0.5199973
20.060268	0.5199933
20.080269	0.5199894
20.10027	0.5199863
20.12027	0.51998305
20.14027	0.5199802
20.16027	0.51997817
20.180271	0.519977
20.200272	0.5199764
20.220272	0.5199759
20.240273	0.5199756
20.260273	0.5199753
20.280273	0.51997536
20.300274	0.51997656
20.320274	0.5199785
20.340275	0.51998097
20.360275	0.5199835
20.380276	0.5199861
20.400276	0.5199891
20.420277	0.51999235
20.440277	0.51999635
20.460278	0.5200016
20.480278	0.5200078
20.500278	0.5200148
20.520279	0.52002275
20.54028	0.52003133
20.56028	0.52003896
20.58028	0.52004546
20.60028	0.5200511
20.620281	0.5200558
20.640282	0.5200603
20.660282	0.5200657
20.680283	0.5200712
20.700283	0.5200756
20.720284	0.52008027
20.740284	0.52008486
20.760284	0.52008855
20.780285	0.520092
20.800285	0.5200953
20.820286	0.52009773
20.840286	0.52009857
20.860287	0.52009845
20.880287	0.5200976
20.900288	0.52009696
20.920288	0.52009726
20.940289	0.52009785
20.960289	0.5200984
20.98029	0.5200984
21.00029	0.5200982
21.02029	0.5200991
21.04029	0.52010036
21.060291	0.52010095
21.080292	0.5201014
21.100292	0.52010167
21.120293	0.5201011
21.140293	0.52010155
21.160294	0.5201035
21.180294	0.52010584
21.200294	0.52010894
21.220295	0.5201129
21.240295	0.5201175
21.260296	0.5201228
21.280296	0.5201288
21.300297	0.5201353
21.320297	0.5201427
21.340298	0.5201504
21.360298	0.5201576
21.380299	0.5201639
21.4003	0.52017033
21.4203	0.52017707
21.4403	0.520184
21.4603	0.5201913
21.4803	0.52019864
21.500301	0.520206
21.520302	0.52021354
21.540302	0.52022153
21.560303	0.5202291
21.580303	0.52023613
21.600304	0.52024317
21.620304	0.5202492
21.640305	0.520254
21.660305	0.5202581
21.680305	0.52026135
21.700306	0.5202646
21.720306	0.5202687
21.740307	0.52027285
21.760307	0.5202764
21.780308	0.5202794
21.800308	0.5202822
21.820309	0.52028465
21.84031	0.5202861
21.86031	0.5202868
21.88031	0.52028704
21.90031	0.5202861
21.920311	0.5202847
21.940311	0.5202848
21.960312	0.52028555
21.980312	0.5202858
22.000313	0.5202851
22.020313	0.5202832
22.040314	0.5202817
22.060314	0.52028173
22.080315	0.5202819
22.100315	0.52028143
22.120316	0.5202805
22.140316	0.52027917
22.160316	0.52027845
22.180317	0.52027774
22.200317	0.52027553
22.220318	0.5202729
22.240318	0.52027106
22.260319	0.5202691
22.28032	0.5202675
22.30032	0.52026737
22.32032	0.52026784
22.34032	0.5202677
22.360321	0.52026725
22.380322	0.52026707
22.400322	0.52026653
22.420322	0.52026516
22.440323	0.5202638
22.460323	0.52026314
22.480324	0.52026343
22.500324	0.52026457
22.520325	0.5202662
22.540325	0.5202683
22.560326	0.5202709
22.580326	0.5202736
22.600327	0.520276
22.620327	0.5202782
22.640327	0.52028
22.660328	0.5202805
22.680328	0.5202799
22.700329	0.52027965
22.72033	0.52028
22.74033	0.52027977
22.76033	0.5202787
22.78033	0.5202775
22.800331	0.5202764
22.820332	0.5202757
22.840332	0.52027595
22.860332	0.52027786
22.880333	0.5202799
22.900333	0.52028155
22.920334	0.5202832
22.940334	0.52028483
22.960335	0.5202863
22.980335	0.5202875
23.000336	0.5202874
23.020336	0.5202866
23.040337	0.5202851
23.060337	0.52028334
23.080338	0.5202815
23.100338	0.5202794
23.120338	0.52027744
23.140339	0.52027583
23.16034	0.5202744
23.18034	0.5202725
23.20034	0.52026993
23.22034	0.520268
23.240341	0.5202668
23.260342	0.5202659
23.280342	0.52026534
23.300343	0.5202647
23.320343	0.5202639
23.340343	0.52026325
23.360344	0.5202632
23.380344	0.5202637
23.400345	0.5202638
23.420345	0.520263
23.440346	0.5202623
23.460346	0.52026176
23.480347	0.5202613
23.500347	0.5202613
23.520348	0.52026194
23.540348	0.52026296
23.560349	0.5202643
23.580349	0.52026594
23.60035	0.5202676
23.62035	0.52026844
23.64035	0.5202692
23.66035	0.5202693
23.680351	0.52026784
23.700352	0.5202653
23.720352	0.5202615
23.740353	0.5202567
23.760353	0.52025115
23.780354	0.5202458
23.800354	0.52024037
23.820354	0.5202352
23.840355	0.52023035
23.860355	0.5202259
23.880356	0.5202216
23.900356	0.5202164
23.920357	0.52021027
23.940357	0.5202044
23.960358	0.5201998
23.980358	0.5201951
24.000359	0.5201901
24.020359	0.5201855
24.04036	0.5201815
24.06036	0.52017725
24.08036	0.52017295
24.10036	0.52016985
24.120361	0.52016824
24.140362	0.5201678
24.160362	0.5201676
24.180363	0.5201669
24.200363	0.5201659
24.220364	0.5201646
24.240364	0.52016306
24.260365	0.52016234
24.280365	0.52016187
24.300365	0.5201612
24.320366	0.5201607
24.340366	0.52015996
24.360367	0.5201596
24.380367	0.5201598
24.400368	0.5201597
24.420368	0.5201602
24.440369	0.5201609
24.46037	0.52016187
24.48037	0.5201635
24.50037	0.52016556
24.52037	0.5201676
24.54037	0.52016926
24.560371	0.5201703
24.580372	0.5201711
24.600372	0.5201719
24.620373	0.5201726
24.640373	0.5201725
24.660374	0.52017057
24.680374	0.5201677
24.700375	0.52016455
24.720375	0.52016175
24.740376	0.5201591
24.760376	0.5201562
24.780376	0.5201539
24.800377	0.5201521
24.820377	0.52014995
24.840378	0.5201472
24.860378	0.52014446
24.880379	0.52014166
24.90038	0.52013886
24.92038	0.5201353
24.94038	0.5201308
24.96038	0.5201266
24.980381	0.520123
25.000381	0.52011955
25.020382	0.5201159
25.040382	0.5201126
25.060383	0.52010965
25.080383	0.5201071
25.100384	0.5201055
25.120384	0.52010393
25.140385	0.5201018
25.160385	0.52009916
25.180386	0.52009565
25.200386	0.52009237
25.220387	0.52008975
25.240387	0.5200875
25.260387	0.5200849
25.280388	0.52008164
25.300388	0.52007806
25.320389	0.52007425
25.34039	0.52006966
25.36039	0.52006555
25.38039	0.5200614
25.40039	0.5200563
25.420391	0.5200511
25.440392	0.52004504
25.460392	0.5200382
25.480392	0.52003133
25.500393	0.52002513
25.520393	0.5200191
25.540394	0.52001274
25.560394	0.5200069
25.580395	0.52000165
25.600395	0.519996
25.620396	0.51998955
25.640396	0.51998234
25.660397	0.51997495
25.680397	0.5199678
25.700397	0.51996094
25.720398	0.51995367
25.740398	0.5199466
25.760399	0.519939
25.7804	0.51993024
25.8004	0.51992166
25.8204	0.5199131
25.8404	0.5199045
25.860401	0.5198964
25.880402	0.51988876
25.900402	0.51988196
25.920403	0.51987493
25.940403	0.5198672
25.960403	0.51985896
25.980404	0.5198505
26.000404	0.5198419
26.020405	0.5198331
26.040405	0.5198243
26.060406	0.5198165
26.080406	0.5198101
26.100407	0.51980406
26.120407	0.51979804
26.140408	0.5197927
26.160408	0.51978767
26.180408	0.5197825
26.200409	0.5197769
26.22041	0.51977146
26.24041	0.5197665
26.26041	0.51976156
26.28041	0.51975757
26.300411	0.5197541
26.320412	0.5197515
26.340412	0.5197494
26.360413	0.51974666
26.380413	0.51974386
26.400414	0.5197412
26.420414	0.5197385
26.440414	0.5197364
26.460415	0.51973516
26.480415	0.51973474
26.500416	0.51973426
26.520416	0.5197337
26.540417	0.5197332
26.560417	0.51973253
26.580418	0.51973206
26.600418	0.5197313
26.620419	0.51973075
26.640419	0.51973104
26.66042	0.5197322
26.68042	0.51973486
26.70042	0.5197376
26.72042	0.5197396
26.740421	0.5197419
26.760422	0.51974404
26.780422	0.51974577
26.800423	0.51974773
26.820423	0.5197505
26.840424	0.5197539
26.860424	0.5197574
26.880424	0.5197603
26.900425	0.519763
26.920425	0.5197656
26.940426	0.5197675
26.960426	0.5197685
26.980427	0.5197692
27.000427	0.51976967
27.020428	0.5197702
27.040428	0.5197711
27.060429	0.5197718
27.08043	0.5197733
27.10043	0.51977605
27.12043	0.5197793
27.14043	0.5197831
27.16043	0.51978755
27.180431	0.51979244
27.200432	0.51979697
27.220432	0.5198016
27.240433	0.5198061
27.260433	0.51980937
27.280434	0.51981246
27.300434	0.5198171
27.320435	0.5198237
27.340435	0.5198317
27.360435	0.5198396
27.380436	0.5198469
27.400436	0.5198554
27.420437	0.5198646
27.440437	0.5198736
27.460438	0.51988226
27.480438	0.51989037
27.500439	0.51989865
27.52044	0.51990616
27.54044	0.51991284
27.56044	0.51991844
27.58044	0.51992285
27.600441	0.51992714
27.620441	0.51993084
27.640442	0.51993454
27.660442	0.5199382
27.680443	0.5199417
27.700443	0.5199463
27.720444	0.51995116
27.740444	0.5199554
27.760445	0.51995945
27.780445	0.51996255
27.800446	0.51996493
27.820446	0.51996756
27.840446	0.5199705
27.860447	0.5199728
27.880447	0.5199742
27.900448	0.51997507
27.920448	0.51997626
27.940449	0.5199774
27.96045	0.5199783
27.98045	0.51997924
28.00045	0.5199799
28.02045	0.51998025
28.040451	0.51998067
28.060452	0.51998127
28.080452	0.51998276
28.100452	0.51998484
28.120453	0.519987
28.140453	0.519988
28.160454	0.5199884
28.180454	0.519989
28.200455	0.51998985
28.220455	0.5199914
28.240456	0.5199938
28.260456	0.51999664
28.280457	0.5199991
28.300457	0.5200014
28.320457	0.5200032
28.340458	0.52000403
28.360458	0.5200044
28.380459	0.5200052
28.40046	0.520007
28.42046	0.52000844
28.44046	0.5200101
28.46046	0.52001226
28.480461	0.5200146
28.500462	0.5200166
28.520462	0.520018
28.540462	0.5200187
28.560463	0.5200187
28.580463	0.5200188
28.600464	0.52001953
28.620464	0.52002037
28.640465	0.5200204
28.660465	0.5200194
28.680466	0.5200179
28.700466	0.5200166
28.720467	0.52001536
28.740467	0.5200138
28.760468	0.5200119
28.780468	0.52001035
28.800468	0.52000904
28.820469	0.5200081
28.84047	0.5200077
28.86047	0.52000684
28.88047	0.5200053
28.90047	0.52000356
28.920471	0.52000177
28.940472	0.5200003
28.960472	0.5199993
28.980473	0.51999867
29.000473	0.51999784
29.020473	0.51999694
29.040474	0.51999617
29.060474	0.5199962
29.080475	0.5199971
29.100475	0.5199983
29.120476	0.5199988
29.140476	0.5199983
29.160477	0.5199969
29.180477	0.51999485
29.200478	0.5199921
29.220478	0.51998913
29.240479	0.5199864
29.260479	0.5199836
29.28048	0.51998043
29.30048	0.5199778
29.32048	0.51997554
29.34048	0.51997364
29.360481	0.5199733
29.380482	0.5199749
29.400482	0.51997757
29.420483	0.51997954
29.440483	0.5199811
29.460484	0.5199834
29.480484	0.51998556
29.500484	0.51998687
29.520485	0.51998806
29.540485	0.5199889
29.560486	0.51998925
29.580486	0.5199897
29.600487	0.5199903
29.620487	0.51999116
29.640488	0.5199913
29.660488	0.5199903
29.680489	0.5199895
29.700489	0.51998943
29.72049	0.51998913
29.74049	0.5199884
29.76049	0.5199875
29.78049	0.5199866
29.800491	0.5199856
29.820492	0.51998436
29.840492	0.5199835
29.860493	0.51998186
29.880493	0.51997966
29.900494	0.51997805
29.920494	0.51997685
29.940495	0.5199752
29.960495	0.5199732
29.980495	0.5199721
30.000496	0.51997197
30.020496	0.5199727
30.040497	0.51997364
30.060497	0.5199753
30.080498	0.5199778
30.100498	0.51998055
30.120499	0.5199832
30.1405	0.51998544
30.1605	0.51998717
30.1805	0.51998746
30.2005	0.519987
30.2205	0.5199868
30.240501	0.5199864
30.260502	0.51998514
30.280502	0.51998377
30.300503	0.5199827
30.320503	0.51998156
30.340504	0.5199804
30.360504	0.5199783
30.380505	0.5199764
30.400505	0.5199759
30.420506	0.51997745
30.440506	0.5199796
30.460506	0.51998144
30.480507	0.51998305
30.500507	0.5199841
30.520508	0.5199842
30.540508	0.5199836
30.560509	0.5199833
30.58051	0.51998353
30.60051	0.5199841
30.62051	0.519984
30.64051	0.5199833
30.660511	0.5199819
30.680511	0.51997936
30.700512	0.5199767
30.720512	0.51997435
30.740513	0.51997197
30.760513	0.51996946
30.780514	0.5199671
30.800514	0.5199652
30.820515	0.5199641
30.840515	0.51996386
30.860516	0.51996386
30.880516	0.5199634
30.900517	0.5199634
30.920517	0.51996386
30.940517	0.5199635
30.960518	0.5199627
30.980518	0.5199629
31.000519	0.51996386
31.02052	0.51996577
31.04052	0.5199693
31.06052	0.5199738
31.08052	0.51997757
31.100521	0.5199809
31.120522	0.51998466
31.140522	0.5199889
31.160522	0.5199928
31.180523	0.5199971
31.200523	0.52000153
31.220524	0.520007
31.240524	0.52001405
31.260525	0.5200207
31.280525	0.52002656
31.300526	0.5200318
31.320526	0.5200363
31.340527	0.52004063
31.360527	0.52004564
31.380527	0.52005035
31.400528	0.52005386
31.420528	0.52005625
31.440529	0.52005833
31.46053	0.52006024
31.48053	0.52006197
31.50053	0.5200635
31.52053	0.520065
31.540531	0.5200662
31.560532	0.52006686
31.580532	0.5200673
31.600533	0.5200676
31.620533	0.52006865
31.640533	0.5200698
31.660534	0.52006954
31.680534	0.5200682
31.700535	0.52006584
31.720535	0.5200625
31.740536	0.52005905
31.760536	0.52005494
31.780537	0.5200509
31.800537	0.52004856
31.820538	0.5200473
31.840538	0.5200462
31.860538	0.52004546
31.880539	0.52004457
31.90054	0.520043
31.92054	0.5200412
31.94054	0.5200395
31.96054	0.5200381
31.980541	0.52003664
32.00054	0.52003425
32.020542	0.5200319
32.040543	0.52003044
32.060543	0.5200288
32.080544	0.5200277
32.100544	0.5200268
32.120544	0.5200249
32.140545	0.5200219
32.160545	0.5200176
32.180546	0.5200138
32.200546	0.52001107
32.220547	0.5200082
32.240547	0.5200052
32.260548	0.5200021
32.28055	0.51999897
32.30055	0.5199946
32.32055	0.51999027
32.34055	0.5199876
32.36055	0.51998544
32.38055	0.5199834
32.40055	0.5199813
32.42055	0.51997924
32.44055	0.51997614
32.460552	0.51997286
32.480553	0.51997006
32.500553	0.51996744
32.520554	0.5199653
32.540554	0.51996374
32.560555	0.5199633
32.580555	0.5199629
32.600555	0.5199616
32.620556	0.51995957
32.640556	0.5199578
32.660557	0.51995635
32.680557	0.5199548
32.700558	0.51995313
32.72056	0.51995194
32.74056	0.51995105
32.76056	0.5199497
32.78056	0.5199485
32.80056	0.5199482
32.82056	0.51994836
32.84056	0.5199492
32.86056	0.5199501
32.88056	0.5199512
32.900562	0.5199535
32.920563	0.5199563
32.940563	0.51995915
32.960564	0.5199617
32.980564	0.5199636
33.000565	0.5199654
33.020565	0.51996744
33.040565	0.5199696
33.060566	0.519972
33.080566	0.51997507
33.100567	0.51997805
33.120567	0.51998043
33.140568	0.5199824
33.16057	0.5199834
33.18057	0.5199846
33.20057	0.51998615
33.22057	0.51998746
33.24057	0.5199889
33.26057	0.51999074
33.28057	0.5199927
33.30057	0.519994
33.32057	0.5199949
33.340572	0.519996
33.360573	0.519997
33.380573	0.51999825
33.400574	0.5199994
33.420574	0.52
33.440575	0.52000034
33.460575	0.5200012
33.480576	0.52000153
33.500576	0.520001
33.520576	0.52000064
33.540577	0.52000093
33.560577	0.52000195
33.580578	0.52000356
33.60058	0.52000546
33.62058	0.5200069
33.64058	0.52000815
33.66058	0.5200097
33.68058	0.5200117
33.70058	0.5200142
33.72058	0.5200162
33.74058	0.52001745
33.760582	0.52001905
33.780582	0.5200205
33.800583	0.52002037
33.820583	0.52001834
33.840584	0.5200157
33.860584	0.5200132
33.880585	0.5200107
33.900585	0.5200068
33.920586	0.52000165
33.940586	0.5199964
33.960587	0.51999223
33.980587	0.5199894
34.000587	0.51998687
34.020588	0.51998466
34.04059	0.51998234
34.06059	0.51997983
34.08059	0.5199777
34.10059	0.5199752
34.12059	0.51997226
34.14059	0.5199698
34.16059	0.5199676
34.18059	0.51996565
34.200592	0.5199644
34.220592	0.5199638
34.240593	0.519964
34.260593	0.51996493
34.280594	0.5199663
34.300594	0.519967
34.320595	0.5199668
34.340595	0.5199662
34.360596	0.5199652
34.380596	0.5199641
34.400597	0.5199634
34.420597	0.51996315
34.440598	0.5199634
34.460598	0.51996446
34.4806	0.5199666
34.5006	0.51996875
34.5206	0.5199703
34.5406	0.51997095
34.5606	0.5199717
34.5806	0.51997304
34.6006	0.51997375
34.6206	0.5199733
34.640602	0.5199733
34.660603	0.5199735
34.680603	0.51997405
34.700603	0.51997405
34.720604	0.5199729
34.740604	0.51997125
34.760605	0.51996934
34.780605	0.5199674
34.800606	0.5199653
34.820606	0.5199634
34.840607	0.51996297
34.860607	0.51996434
34.880608	0.5199666
34.900608	0.5199684
34.92061	0.51996946
34.94061	0.51997024
34.96061	0.5199721
34.98061	0.5199751
35.00061	0.51997817
35.02061	0.51998067
35.04061	0.51998174
35.06061	0.5199816
35.080612	0.51998156
35.100613	0.519982
35.120613	0.5199822
35.140614	0.51998234
35.160614	0.5199818
35.180614	0.51998043
35.200615	0.51997817
35.220615	0.5199756
35.240616	0.51997316
35.260616	0.5199713
35.280617	0.51996934
35.300617	0.5199668
35.320618	0.51996404
35.34062	0.5199611
35.36062	0.51995826
35.38062	0.51995635
35.40062	0.5199552
35.42062	0.51995504
35.44062	0.5199555
35.46062	0.5199566
35.48062	0.519958
35.50062	0.5199585
35.520622	0.51995885
35.540623	0.5199598
35.560623	0.51996124
35.580624	0.51996243
35.600624	0.51996386
35.620625	0.51996535
35.640625	0.51996696
35.660625	0.5199684
35.680626	0.5199692
35.700626	0.5199705
35.720627	0.519972
35.740627	0.5199732
35.760628	0.51997423
35.78063	0.5199757
35.80063	0.5199772
35.82063	0.51997906
35.84063	0.519981
35.86063	0.51998186
35.88063	0.5199812
35.90063	0.51997983
35.92063	0.51997864
35.94063	0.5199779
35.960632	0.51997757
35.980633	0.5199766
36.000633	0.51997536
36.020634	0.5199741
36.040634	0.5199734
36.060635	0.5199744
36.080635	0.5199765
36.100636	0.51997876
36.120636	0.51998115
36.140636	0.5199834
36.160637	0.51998556
36.180637	0.51998764
36.200638	0.5199903
36.22064	0.5199932
36.24064	0.5199957
36.26064	0.51999795
36.28064	0.5200002
36.30064	0.5200018
36.32064	0.5200025
36.34064	0.5200021
36.36064	0.52000135
36.380642	0.52000093
36.400642	0.52000016
36.420643	0.51999885
36.440643	0.5199976
36.460644	0.5199964
36.480644	0.5199957
36.500645	0.51999545
36.520645	0.51999485
36.540646	0.51999366
36.560646	0.51999176
36.580647	0.5199898
36.600647	0.5199873
36.620647	0.5199845
36.640648	0.51998234
36.66065	0.5199799
36.68065	0.51997685
36.70065	0.5199737
36.72065	0.5199697
36.74065	0.5199659
36.76065	0.5199628
36.78065	0.5199588
36.80065	0.5199546
36.820652	0.519951
36.840652	0.51994765
36.860653	0.5199442
36.880653	0.5199398
36.900654	0.51993537
36.920654	0.5199312
36.940655	0.51992697
36.960655	0.51992255
36.980656	0.5199177
37.000656	0.51991284
37.020657	0.51990974
37.040657	0.51990795
37.060658	0.5199064
37.080658	0.5199053
37.10066	0.5199043
37.12066	0.51990366
37.14066	0.51990426
37.16066	0.51990485
37.18066	0.5199037
37.20066	0.51990294
37.22066	0.5199039
37.24066	0.5199063
37.260662	0.5199089
37.280663	0.5199107
37.300663	0.5199126
37.320663	0.51991487
37.340664	0.51991636
37.360664	0.5199177
37.380665	0.5199191
37.400665	0.51991963
37.420666	0.51991963
37.440666	0.51991934
37.460667	0.51991904
37.480667	0.5199187
37.500668	0.51991856
37.520668	0.5199194
37.54067	0.51992077
37.56067	0.5199215
37.58067	0.51992154
37.60067	0.51992136
37.62067	0.5199213
37.64067	0.51992095
37.66067	0.5199193
37.68067	0.5199165
37.700672	0.5199134
37.720673	0.5199095
37.740673	0.519905
37.760674	0.51990104
37.780674	0.5198978
37.800674	0.5198945
37.820675	0.51988983
37.840675	0.51988393
37.860676	0.51987815
37.880676	0.51987356
37.900677	0.5198699
37.920677	0.5198659
37.940678	0.51986206
37.96068	0.51985884
37.98068	0.51985574
38.00068	0.51985216
38.02068	0.519848
38.04068	0.5198448
38.06068	0.51984215
38.08068	0.51983905
38.10068	0.5198363
38.12068	0.5198339
38.140682	0.5198318
38.160683	0.51983064
38.180683	0.5198309
38.200684	0.5198324
38.220684	0.5198341
38.240685	0.51983577
38.260685	0.5198387
38.280685	0.5198423
38.300686	0.5198457
38.320686	0.519848
38.340687	0.5198492
38.360687	0.51985013
38.380688	0.51985145
38.40069	0.51985306
38.42069	0.51985323
38.44069	0.5198528
38.46069	0.51985306
38.48069	0.5198535
38.50069	0.5198541
38.52069	0.5198549
38.54069	0.51985586
38.56069	0.5198579
38.580692	0.519861
38.600693	0.5198641
38.620693	0.51986647
38.640694	0.5198693
38.660694	0.51987326
38.680695	0.51987743
38.700695	0.5198811
38.720695	0.519884
38.740696	0.5198858
38.760696	0.519887
38.780697	0.51988786
38.800697	0.5198884
38.820698	0.51988876
38.8407	0.51988953
38.8607	0.5198903
38.8807	0.51989156
38.9007	0.51989365
38.9207	0.51989615
38.9407	0.5198983
38.9607	0.5198993
38.9807	0.5199001
39.0007	0.51990086
39.020702	0.5199023
39.040703	0.51990455
39.060703	0.51990724
39.080704	0.5199093
39.100704	0.51991034
39.120705	0.5199114
39.140705	0.51991236
39.160706	0.51991326
39.180706	0.51991487
39.200706	0.5199168
39.220707	0.51991886
39.240707	0.51992166
39.260708	0.5199255
39.28071	0.51993036
39.30071	0.5199363
39.32071	0.519942
39.34071	0.51994765
39.36071	0.5199541
39.38071	0.51996124
39.40071	0.5199691
39.42071	0.5199772
39.440712	0.519986
39.460712	0.519995
39.480713	0.52000403
39.500713	0.52001345
39.520714	0.52002275
39.540714	0.5200318
39.560715	0.52004105
39.580715	0.5200499
39.600716	0.5200583
39.620716	0.5200671
39.640717	0.52007496
39.660717	0.52008116
39.680717	0.52008575
39.700718	0.5200887
39.72072	0.5200908
39.74072	0.5200927
39.76072	0.5200944
39.78072	0.5200958
39.80072	0.52009696
39.82072	0.52009857
39.84072	0.5201006
39.86072	0.5201026
39.880722	0.5201036
39.900723	0.5201047
39.920723	0.52010643
39.940723	0.5201081
39.960724	0.5201093
39.980724	0.52010965
40.000725	0.5201102
40.020725	0.5201117
40.040726	0.5201134
40.060726	0.520115
40.080727	0.5201158
40.100727	0.52011603
40.120728	0.52011645
40.140728	0.52011645
40.16073	0.5201162
40.18073	0.52011585
40.20073	0.52011526
40.22073	0.5201148
40.24073	0.52011514
40.26073	0.52011657
40.28073	0.5201176
40.30073	0.52011836
40.320732	0.52011913
40.340733	0.52012
40.360733	0.52012086
40.380733	0.5201218
40.400734	0.5201235
40.420734	0.52012587
40.440735	0.5201287
40.460735	0.5201324
40.480736	0.52013564
40.500736	0.52013767
40.520737	0.5201397
40.540737	0.5201412
40.560738	0.5201427
40.580738	0.5201443
40.60074	0.52014494
40.62074	0.5201445
40.64074	0.52014375
40.66074	0.5201428
40.68074	0.52014256
40.70074	0.5201428
40.72074	0.5201429
40.74074	0.5201436
40.760742	0.5201447
40.780743	0.52014583
40.800743	0.5201466
40.820744	0.5201451
40.840744	0.5201428
40.860744	0.5201405
40.880745	0.52013767
40.900745	0.5201347
40.920746	0.52013177
40.940746	0.52012897
40.960747	0.5201257
40.980747	0.52012146
41.000748	0.5201167
41.02075	0.5201112
41.04075	0.5201055
41.06075	0.5201
41.08075	0.52009475
41.10075	0.5200896
41.12075	0.5200839
41.14075	0.5200779
41.16075	0.52007294
41.18075	0.52006924
41.200752	0.5200658
41.220753	0.5200629
41.240753	0.5200598
41.260754	0.52005655
41.280754	0.5200534
41.300755	0.5200498
41.320755	0.52004534
41.340755	0.52004033
41.360756	0.5200348
41.380756	0.5200278
41.400757	0.52001953
41.420757	0.52001107
41.440758	0.5200028
41.46076	0.51999414
41.48076	0.5199851
41.50076	0.5199765
41.52076	0.5199685
41.54076	0.51996124
41.56076	0.51995456
41.58076	0.5199482
41.60076	0.51994216
41.62076	0.5199362
41.640762	0.5199313
41.660763	0.519928
41.680763	0.5199256
41.700764	0.5199231
41.720764	0.5199201
41.740765	0.5199163
41.760765	0.5199117
41.780766	0.51990753
41.800766	0.5199042
41.820766	0.51990086
41.840767	0.5198976
41.860767	0.5198936
41.880768	0.51988876
41.90077	0.519884
41.92077	0.5198792
41.94077	0.51987493
41.96077	0.51987123
41.98077	0.5198674
42.00077	0.5198643
42.02077	0.51986223
42.04077	0.5198604
42.060772	0.51985836
42.080772	0.51985687
42.100773	0.5198555
42.120773	0.51985425
42.140774	0.51985323
42.160774	0.5198525
42.180775	0.51985246
42.200775	0.51985335
42.220776	0.51985544
42.240776	0.51985824
42.260777	0.5198614
42.280777	0.5198654
42.300777	0.51986986
42.320778	0.51987386
42.34078	0.5198775
42.36078	0.51988167
42.38078	0.51988626
42.40078	0.51988995
42.42078	0.5198928
42.44078	0.51989555
42.46078	0.51989836
42.48078	0.5199009
42.500782	0.5199027
42.520782	0.519904
42.540783	0.5199045
42.560783	0.5199044
42.580784	0.51990443
42.600784	0.51990414
42.620785	0.5199026
42.640785	0.5199004
42.660786	0.5198976
42.680786	0.5198953
42.700787	0.5198941
42.720787	0.51989305
42.740788	0.5198925
42.760788	0.5198925
42.78079	0.51989204
42.80079	0.5198913
42.82079	0.5198908
42.84079	0.51989126
42.86079	0.5198921
42.88079	0.51989335
42.90079	0.5198946
42.92079	0.5198953
42.940792	0.5198958
42.960793	0.5198958
42.980793	0.5198953
43.000793	0.51989424
43.020794	0.5198928
43.040794	0.5198916
43.060795	0.5198915
43.080795	0.5198923
43.100796	0.519893
43.120796	0.51989394
43.140797	0.51989484
43.160797	0.5198958
43.180798	0.51989734
43.200798	0.5199003
43.2208	0.519905
43.2408	0.51991045
43.2608	0.519916
43.2808	0.5199214
43.3008	0.5199269
43.3208	0.51993227
43.3408	0.5199369
43.3608	0.51994216
43.380802	0.5199479
43.400803	0.5199522
43.420803	0.5199553
43.440804	0.51995754
43.460804	0.51995885
43.480804	0.51995987
43.500805	0.5199612
43.520805	0.51996326
43.540806	0.5199661
43.560806	0.519969
43.580807	0.51997197
43.600807	0.51997495
43.620808	0.5199785
43.64081	0.5199828
43.66081	0.519987
43.68081	0.51999116
43.70081	0.51999575
43.72081	0.52000046
43.74081	0.5200049
43.76081	0.52000916
43.78081	0.52001363
43.80081	0.5200177
43.820812	0.5200205
43.840813	0.520023
43.860813	0.5200247
43.880814	0.52002513
43.900814	0.52002496
43.920815	0.5200252
43.940815	0.5200259
43.960815	0.5200262
43.980816	0.52002615
44.000816	0.52002615
44.020817	0.52002585
44.040817	0.52002454
44.060818	0.5200236
44.08082	0.5200244
44.10082	0.52002597
44.12082	0.52002716
44.14082	0.5200281
44.16082	0.5200293
44.18082	0.5200313
44.20082	0.52003366
44.22082	0.52003676
44.24082	0.5200404
44.260822	0.52004397
44.280823	0.5200478
44.300823	0.5200519
44.320824	0.5200559
44.340824	0.52005965
44.360825	0.5200633
44.380825	0.52006686
44.400826	0.5200703
44.420826	0.520073
44.440826	0.5200762
44.460827	0.5200802
44.480827	0.52008414
44.500828	0.52008843
44.52083	0.5200931
44.54083	0.5200969
44.56083	0.5201002
44.58083	0.5201032
44.60083	0.52010524
44.62083	0.52010703
44.64083	0.520108
44.66083	0.52010775
44.680832	0.5201066
44.700832	0.5201053
44.720833	0.5201046
44.740833	0.52010334
44.760834	0.5201014
44.780834	0.5200997
44.800835	0.52009726
44.820835	0.52009296
44.840836	0.520088
44.860836	0.5200823
44.880836	0.5200759
44.900837	0.5200696
44.920837	0.5200633
44.940838	0.5200579
44.96084	0.52005416
44.98084	0.5200509
45.00084	0.5200478
45.02084	0.5200448
45.04084	0.52004087
45.06084	0.52003634
45.08084	0.5200325
45.10084	0.5200295
45.120842	0.5200268
45.140842	0.520025
45.160843	0.5200242
45.180843	0.52002436
45.200844	0.5200254
45.220844	0.5200261
45.240845	0.52002645
45.260845	0.52002686
45.280846	0.5200279
45.300846	0.5200288
45.320847	0.52003026
45.340847	0.5200324
45.360847	0.5200341
45.380848	0.520035
45.40085	0.52003574
45.42085	0.5200372
45.44085	0.5200397
45.46085	0.52004266
45.48085	0.5200453
45.50085	0.52004766
45.52085	0.520049
45.54085	0.52004933
45.560852	0.5200497
45.580853	0.52004933
45.600853	0.5200489
45.620853	0.5200499
45.640854	0.5200509
45.660854	0.5200511
45.680855	0.5200515
45.700855	0.5200521
45.720856	0.52005327
45.740856	0.5200549
45.760857	0.5200567
45.780857	0.52005905
45.800858	0.5200609
45.820858	0.52006257
45.84086	0.52006453
45.86086	0.520067
45.88086	0.5200695
45.90086	0.5200723
45.92086	0.52007526
45.94086	0.52007747
45.96086	0.52007854
45.98086	0.5200788
46.000862	0.5200796
46.020863	0.52008134
46.040863	0.5200829
46.060863	0.520084
46.080864	0.520085
46.100864	0.5200856
46.120865	0.5200856
46.140865	0.5200857
46.160866	0.52008593
46.180866	0.5200866
46.200867	0.52008814
46.220867	0.520089
46.240868	0.520088
46.260868	0.5200858
46.28087	0.52008355
46.30087	0.5200808
46.32087	0.5200771
46.34087	0.5200739
46.36087	0.52006984
46.38087	0.5200654
46.40087	0.5200629
46.42087	0.5200614
46.440872	0.52006
46.460873	0.52005863
46.480873	0.5200567
46.500874	0.5200544
46.520874	0.52005255
46.540874	0.5200506
46.560875	0.5200486
46.580875	0.5200478
46.600876	0.52004766
46.620876	0.520048
46.640877	0.52004886
46.660877	0.52004945
46.680878	0.5200497
46.70088	0.52005005
46.72088	0.5200509
46.74088	0.5200523
46.76088	0.5200534
46.78088	0.52005464
46.80088	0.52005666
46.82088	0.52005947
46.84088	0.5200633
46.86088	0.5200676
46.880882	0.52007174
46.900883	0.520076
46.920883	0.5200812
46.940884	0.5200865
46.960884	0.5200913
46.980885	0.5200957
47.000885	0.52010024
47.020885	0.5201051
47.040886	0.52010953
47.060886	0.5201135
47.080887	0.52011716
47.100887	0.520121
47.120888	0.5201247
47.14089	0.52012753
47.16089	0.52013147
47.18089	0.520136
47.20089	0.52014
47.22089	0.52014387
47.24089	0.520148
47.26089	0.5201527
47.28089	0.52015793
47.30089	0.5201633
47.320892	0.52016866
47.340893	0.5201743
47.360893	0.52018046
47.380894	0.52018684
47.400894	0.52019304
47.420895	0.5201986
47.440895	0.52020425
47.460896	0.52021086
47.480896	0.5202173
47.500896	0.5202223
47.520897	0.5202267
47.540897	0.5202313
47.560898	0.52023554
47.5809	0.5202398
47.6009	0.52024496
47.6209	0.52025086
47.6409	0.5202567
47.6609	0.5202619
47.6809	0.520265
47.7009	0.5202665
47.7209	0.52026737
47.740902	0.52026737
47.760902	0.5202671
47.780903	0.520267
47.800903	0.5202663
47.820904	0.52026474
47.840904	0.52026355
47.860905	0.5202629
47.880905	0.52026206
47.900906	0.5202607
47.920906	0.5202586
47.940907	0.52025604
47.960907	0.52025414
47.980907	0.5202516
48.000908	0.5202476
48.02091	0.5202428
48.04091	0.5202377
48.06091	0.5202322
48.08091	0.52022564
48.10091	0.5202192
48.12091	0.5202137
48.14091	0.52020884
48.16091	0.52020437
48.180912	0.52019936
48.200912	0.5201941
48.220913	0.52018946
48.240913	0.52018446
48.260914	0.520179
48.280914	0.520174
48.300915	0.52016944
48.320915	0.52016485
48.340916	0.52016014
48.360916	0.52015567
48.380917	0.52015126
48.400917	0.5201465
48.420918	0.5201416
48.440918	0.52013755
48.46092	0.52013457
48.48092	0.5201316
48.50092	0.5201278
48.52092	0.52012444
48.54092	0.520122
48.56092	0.5201192
48.58092	0.5201162
48.60092	0.5201136
48.620922	0.5201113
48.640923	0.5201095
48.660923	0.520108
48.680923	0.5201068
48.700924	0.5201067
48.720924	0.52010685
48.740925	0.5201066
48.760925	0.5201068
48.780926	0.52010727
48.800926	0.5201079
48.820927	0.5201082
48.840927	0.5201092
48.860928	0.5201113
48.880928	0.52011335
48.90093	0.520116
48.92093	0.52011883
48.94093	0.520121
48.96093	0.52012295
48.98093	0.5201242
49.00093	0.520125
49.02093	0.5201256
49.04093	0.52012616
49.060932	0.5201261
49.080933	0.52012575
49.100933	0.520126
49.120934	0.5201262
49.140934	0.5201266
49.160934	0.5201274
49.180935	0.5201287
49.200935	0.52013046
49.220936	0.52013206
49.240936	0.5201334
49.260937	0.52013534
49.280937	0.52013767
49.300938	0.5201401
49.32094	0.520142
49.34094	0.5201436
49.36094	0.5201458
49.38094	0.520148
49.40094	0.5201501
49.42094	0.52015185
49.44094	0.5201529
49.46094	0.5201539
49.48094	0.520155
49.500942	0.52015674
49.520943	0.5201591
49.540943	0.52016175
49.560944	0.5201643
49.580944	0.5201669
49.600945	0.52017
49.620945	0.52017355
49.640945	0.5201769
49.660946	0.52017874
49.680946	0.5201789
49.700947	0.5201785
49.720947	0.52017725
49.740948	0.5201751
49.76095	0.5201724
49.78095	0.5201701
49.80095	0.5201681
49.82095	0.5201663
49.84095	0.52016515
49.86095	0.520164
49.88095	0.52016246
49.90095	0.5201609
49.92095	0.5201595
49.940952	0.52015746
49.960953	0.5201541
49.980953	0.52015054
50.0	0.52014726
