0.0	0.60000026
0.02	0.59998953
0.04	0.59995973
0.06	0.5999114
0.08	0.5998446
0.099999994	0.5997603
0.11999999	0.59965956
0.13999999	0.5995424
0.15999998	0.59940934
0.17999998	0.59926116
0.19999997	0.59909856
0.21999997	0.59892267
0.23999996	0.59873253
0.25999996	0.5985279
0.27999997	0.59831005
0.29999998	0.59807974
0.32	0.5978383
0.34	0.5975868
0.36	0.59732443
0.38000003	0.59705144
0.40000004	0.5967684
0.42000005	0.5964759
0.44000006	0.596175
0.46000007	0.5958655
0.48000008	0.5955474
0.50000006	0.59522164
0.52000004	0.5948883
0.54	0.5945467
0.56	0.5941973
0.58	0.5938407
0.59999996	0.59347826
0.61999995	0.5931109
0.6399999	0.5927385
0.6599999	0.5923605
0.6799999	0.5919773
0.69999987	0.5915892
0.71999985	0.591196
0.73999983	0.5907983
0.7599998	0.59039694
0.7799998	0.5899927
0.7999998	0.5895857
0.81999975	0.5891754
0.83999974	0.58876187
0.8599997	0.588345
0.8799997	0.58792543
0.8999997	0.5875041
0.91999966	0.587081
0.93999964	0.58665586
0.9599996	0.5862284
0.9799996	0.5857998
0.9999996	0.5853701
1.0199996	0.5849391
1.0399996	0.5845072
1.0599996	0.58407485
1.0799996	0.5836422
1.0999995	0.5832089
1.1199995	0.5827752
1.1399995	0.58234113
1.1599995	0.58190656
1.1799995	0.5814711
1.1999995	0.58103514
1.2199994	0.58059937
1.2399994	0.5801636
1.2599994	0.5797272
1.2799994	0.57929087
1.2999994	0.5788555
1.3199993	0.57842124
1.3399993	0.57798797
1.3599993	0.57755625
1.3799993	0.57712555
1.3999993	0.57669467
1.4199992	0.5762645
1.4399992	0.57583535
1.4599992	0.5754067
1.4799992	0.5749781
1.4999992	0.574551
1.5199991	0.5741258
1.5399991	0.57370204
1.5599991	0.5732804
1.5799991	0.5728606
1.5999991	0.5724419
1.619999	0.5720252
1.639999	0.5716109
1.659999	0.5711983
1.679999	0.57078797
1.699999	0.57037956
1.719999	0.56997246
1.7399989	0.5695671
1.7599989	0.5691642
1.7799989	0.5687636
1.7999989	0.5683657
1.8199989	0.5679708
1.8399988	0.56757873
1.8599988	0.5671897
1.8799988	0.5668032
1.8999988	0.5664195
1.9199988	0.566039
1.9399987	0.5656618
1.9599987	0.5652862
1.9799987	0.5649118
1.9999987	0.56453955
2.0199988	0.56417
2.0399988	0.56380343
2.0599988	0.56343997
2.0799987	0.5630803
2.0999987	0.5627237
2.1199987	0.5623694
2.1399987	0.56201786
2.1599987	0.5616696
2.1799986	0.5613242
2.1999986	0.5609804
2.2199986	0.56063765
2.2399986	0.56029576
2.2599986	0.5599554
2.2799985	0.55961764
2.2999985	0.5592817
2.3199985	0.5589478
2.3399985	0.55861616
2.3599985	0.55828667
2.3799984	0.5579599
2.3999984	0.557636
2.4199984	0.5573142
2.4399984	0.5569944
2.4599984	0.556677
2.4799984	0.55636203
2.4999983	0.5560497
2.5199983	0.55574036
2.5399983	0.5554346
2.5599983	0.5551317
2.5799983	0.5548316
2.5999982	0.554533
2.6199982	0.55423594
2.6399982	0.5539416
2.6599982	0.5536503
2.6799982	0.55336237
2.6999981	0.5530767
2.7199981	0.55279267
2.739998	0.5525106
2.759998	0.5522299
2.779998	0.55195105
2.799998	0.55167425
2.819998	0.5513991
2.839998	0.55112636
2.859998	0.5508558
2.879998	0.5505865
2.899998	0.5503191
2.919998	0.55005383
2.939998	0.549791
2.959998	0.54953
2.9799979	0.54927117
2.9999979	0.54901475
3.0199978	0.5487607
3.0399978	0.54850864
3.0599978	0.5482594
3.0799978	0.54801285
3.0999978	0.54776806
3.1199977	0.5475247
3.1399977	0.5472823
3.1599977	0.5470418
3.1799977	0.54680395
3.1999977	0.5465682
3.2199976	0.5463338
3.2399976	0.5461006
3.2599976	0.54586875
3.2799976	0.545639
3.2999976	0.5454105
3.3199975	0.54518265
3.3399975	0.5449564
3.3599975	0.5447327
3.3799975	0.5445118
3.3999975	0.54429364
3.4199975	0.5440786
3.4399974	0.5438656
3.4599974	0.5436547
3.4799974	0.5434462
3.4999974	0.5432398
3.5199974	0.5430341
3.5399973	0.5428289
3.5599973	0.5426258
3.5799973	0.54242504
3.5999973	0.5422261
3.6199973	0.5420291
3.6399972	0.54183435
3.6599972	0.5416417
3.6799972	0.54145145
3.6999972	0.5412629
3.7199972	0.5410764
3.7399971	0.54089224
3.7599971	0.5407102
3.779997	0.5405297
3.799997	0.54035044
3.819997	0.54017234
3.839997	0.5399955
3.859997	0.5398202
3.879997	0.53964514
3.899997	0.5394709
3.919997	0.5392988
3.939997	0.5391281
3.959997	0.5389591
3.979997	0.53879213
3.999997	0.5386264
4.019997	0.53846127
4.039997	0.53829753
4.059997	0.5381353
4.079997	0.53797495
4.099997	0.53781664
4.119997	0.5376599
4.139997	0.53750443
4.159997	0.53734946
4.179997	0.5371951
4.199997	0.5370416
4.219997	0.53688765
4.239997	0.53673327
4.259997	0.53657943
4.279997	0.5364263
4.299997	0.5362731
4.319997	0.53612036
4.339997	0.53596866
4.359997	0.5358182
4.379997	0.5356686
4.3999968	0.5355186
4.4199967	0.5353681
4.4399967	0.5352191
4.4599967	0.53507257
4.4799967	0.5349282
4.4999967	0.53478444
4.5199966	0.5346414
4.5399966	0.5344995
4.5599966	0.53435874
4.5799966	0.534219
4.5999966	0.5340804
4.6199965	0.5339431
4.6399965	0.53380704
4.6599965	0.53367275
4.6799965	0.5335404
4.6999965	0.5334087
4.7199965	0.5332769
4.7399964	0.5331465
4.7599964	0.53301764
4.7799964	0.53288996
4.7999964	0.5327642
4.8199964	0.5326399
4.8399963	0.5325167
4.8599963	0.53239447
4.8799963	0.5322735
4.8999963	0.532153
4.9199963	0.53203285
4.9399962	0.53191346
4.959996	0.5317941
4.979996	0.5316754
4.999996	0.53155816
5.019996	0.5314417
5.039996	0.53132665
5.059996	0.5312134
5.079996	0.5311018
5.099996	0.5309912
5.119996	0.53088164
5.139996	0.5307732
5.159996	0.53066623
5.179996	0.5305603
5.199996	0.5304553
5.219996	0.5303501
5.239996	0.5302442
5.259996	0.53013885
5.279996	0.5300343
5.299996	0.52993023
5.319996	0.5298263
5.339996	0.5297226
5.359996	0.52962047
5.379996	0.5295199
5.399996	0.5294204
5.419996	0.5293214
5.439996	0.52922213
5.4599957	0.52912253
5.4799957	0.5290232
5.4999957	0.5289248
5.5199957	0.5288268
5.5399957	0.52872944
5.5599957	0.528633
5.5799956	0.5285363
5.5999956	0.5284401
5.6199956	0.5283454
5.6399956	0.5282512
5.6599956	0.528157
5.6799955	0.5280627
5.6999955	0.52796865
5.7199955	0.5278765
5.7399955	0.52778566
5.7599955	0.52769566
5.7799954	0.5276067
5.7999954	0.52751994
5.8199954	0.5274349
5.8399954	0.52735084
5.8599954	0.527267
5.8799953	0.52718276
5.8999953	0.5270988
5.9199953	0.5270149
5.9399953	0.5269327
5.9599953	0.52685225
5.9799953	0.52677184
5.999995	0.5266917
6.019995	0.5266124
6.039995	0.52653426
6.059995	0.52645624
6.079995	0.5263783
6.099995	0.5263007
6.119995	0.52622414
6.139995	0.5261488
6.159995	0.5260734
6.179995	0.52599764
6.199995	0.5259222
6.219995	0.52584726
6.239995	0.52577233
6.259995	0.52569777
6.279995	0.52562326
6.299995	0.52554816
6.319995	0.52547204
6.339995	0.5253953
6.359995	0.5253184
6.379995	0.5252422
6.399995	0.5251682
6.419995	0.5250958
6.439995	0.525023
6.459995	0.5249499
6.479995	0.5248788
6.4999948	0.5248103
6.5199947	0.5247439
6.5399947	0.5246797
6.5599947	0.52461684
6.5799947	0.5245547
6.5999947	0.5244926
6.6199946	0.52443075
6.6399946	0.5243704
6.6599946	0.5243102
6.6799946	0.5242487
6.6999946	0.524187
6.7199945	0.5241257
6.7399945	0.5240646
6.7599945	0.52400386
6.7799945	0.5239439
6.7999945	0.5238848
6.8199944	0.5238261
6.8399944	0.52376807
6.8599944	0.52371067
6.8799944	0.5236537
6.8999944	0.5235975
6.9199944	0.5235418
6.9399943	0.52348596
6.9599943	0.52343106
6.9799943	0.5233772
6.9999943	0.52332366
7.0199943	0.5232708
7.0399942	0.52321875
7.059994	0.523167
7.079994	0.52311593
7.099994	0.5230652
7.119994	0.5230149
7.139994	0.52296424
7.159994	0.5229131
7.179994	0.52286184
7.199994	0.522811
7.219994	0.5227611
7.239994	0.52271116
7.259994	0.52266115
7.279994	0.52261126
7.299994	0.52256167
7.319994	0.52251315
7.339994	0.5224644
7.359994	0.52241564
7.379994	0.5223669
7.399994	0.52231836
7.419994	0.52226996
7.439994	0.5222218
7.459994	0.522175
7.479994	0.52212954
7.499994	0.52208436
7.519994	0.5220392
7.539994	0.52199423
7.5599937	0.52194846
7.5799937	0.52190274
7.5999937	0.5218574
7.6199937	0.5218127
7.6399937	0.5217693
7.6599936	0.52172685
7.6799936	0.5216844
7.6999936	0.52164185
7.7199936	0.5215995
7.7399936	0.52155674
7.7599936	0.52151334
7.7799935	0.52146876
7.7999935	0.5214231
7.8199935	0.5213771
7.8399935	0.52133197
7.8599935	0.52128845
7.8799934	0.5212462
7.8999934	0.52120495
7.9199934	0.52116424
7.9399934	0.521124
7.9599934	0.52108383
7.9799933	0.52104396
7.9999933	0.52100384
8.019994	0.5209633
8.039994	0.52092314
8.059995	0.5208832
8.079995	0.52084327
8.099996	0.5208042
8.119996	0.5207657
8.139997	0.5207267
8.159997	0.5206872
8.179997	0.5206479
8.199998	0.52060944
8.219998	0.5205725
8.239999	0.5205364
8.259999	0.52050143
8.28	0.52046645
8.3	0.5204308
8.320001	0.5203954
8.340001	0.5203601
8.360002	0.52032495
8.380002	0.52028966
8.4000025	0.5202546
8.420003	0.52022016
8.440003	0.52018696
8.460004	0.52015483
8.480004	0.52012336
8.500005	0.5200927
8.520005	0.5200629
8.540006	0.5200338
8.560006	0.5200047
8.580007	0.5199754
8.600007	0.51994616
8.6200075	0.51991737
8.640008	0.5198885
8.660008	0.51985955
8.680009	0.5198308
8.700009	0.5198023
8.72001	0.5197747
8.74001	0.5197481
8.760011	0.5197222
8.780011	0.51969683
8.800012	0.5196724
8.820012	0.5196484
8.840013	0.5196245
8.860013	0.5196013
8.880013	0.51957834
8.900014	0.5195558
8.920014	0.5195334
8.940015	0.5195107
8.960015	0.51948774
8.980016	0.5194641
9.000016	0.5194404
9.020017	0.5194174
9.040017	0.51939535
9.060018	0.5193744
9.080018	0.5193535
9.1000185	0.5193336
9.120019	0.5193145
9.140019	0.5192948
9.16002	0.5192747
9.18002	0.5192554
9.200021	0.519237
9.220021	0.5192185
9.240022	0.5191995
9.260022	0.51917976
9.280023	0.51915956
9.300023	0.51913965
9.320024	0.5191203
9.340024	0.519101
9.360024	0.5190815
9.380025	0.5190624
9.400025	0.5190439
9.420026	0.51902527
9.440026	0.5190064
9.460027	0.5189878
9.480027	0.5189688
9.500028	0.51894855
9.520028	0.51892775
9.540029	0.5189078
9.560029	0.51888835
9.5800295	0.5188696
9.60003	0.5188508
9.62003	0.5188322
9.640031	0.51881444
9.660031	0.5187975
9.680032	0.51878077
9.700032	0.5187643
9.720033	0.5187495
9.740033	0.51873577
9.760034	0.5187218
9.780034	0.5187067
9.8000345	0.5186901
9.820035	0.51867354
9.840035	0.51865697
9.860036	0.5186406
9.880036	0.5186254
9.900037	0.5186114
9.920037	0.5185977
9.940038	0.5185835
9.960038	0.51856804
9.980039	0.5185528
10.000039	0.5185374
10.02004	0.5185217
10.04004	0.5185069
10.06004	0.51849335
10.080041	0.51848084
10.100041	0.51846856
10.120042	0.5184552
10.140042	0.51844066
10.160043	0.5184258
10.180043	0.51841134
10.200044	0.51839626
10.220044	0.51838124
10.240045	0.5183666
10.260045	0.5183522
10.2800455	0.51833797
10.300046	0.5183239
10.320046	0.5183102
10.340047	0.51829624
10.360047	0.5182818
10.380048	0.51826817
10.400048	0.5182552
10.420049	0.5182421
10.440049	0.5182283
10.46005	0.5182135
10.48005	0.5181984
10.500051	0.51818365
10.520051	0.5181695
10.540051	0.5181557
10.560052	0.5181421
10.580052	0.5181291
10.600053	0.5181155
10.620053	0.51810205
10.640054	0.51808965
10.660054	0.51807785
10.680055	0.5180663
10.700055	0.5180545
10.720056	0.5180421
10.740056	0.51802915
10.7600565	0.51801544
10.780057	0.5180011
10.800057	0.5179868
10.820058	0.5179732
10.840058	0.5179605
10.860059	0.5179481
10.880059	0.5179356
10.90006	0.5179231
10.92006	0.517911
10.940061	0.5178983
10.960061	0.51788485
10.980062	0.51787186
11.000062	0.51785994
11.020062	0.51784885
11.040063	0.517838
11.060063	0.5178272
11.080064	0.51781607
11.100064	0.51780456
11.120065	0.5177934
11.140065	0.5177819
11.160066	0.51776993
11.180066	0.5177572
11.200067	0.5177434
11.220067	0.51772934
11.2400675	0.517716
11.260068	0.51770294
11.280068	0.5176898
11.300069	0.51767576
11.320069	0.51766074
11.34007	0.517645
11.36007	0.51762855
11.380071	0.5176122
11.400071	0.5175967
11.420072	0.5175817
11.440072	0.5175662
11.4600725	0.51755047
11.480073	0.51753515
11.500073	0.5175203
11.520074	0.51750636
11.540074	0.51749337
11.560075	0.51748097
11.580075	0.51746887
11.600076	0.5174575
11.620076	0.51744705
11.640077	0.51743674
11.660077	0.5174267
11.680078	0.5174166
11.700078	0.517406
11.720078	0.51739603
11.740079	0.5173873
11.760079	0.51737905
11.78008	0.5173712
11.80008	0.5173631
11.820081	0.5173542
11.840081	0.5173451
11.860082	0.51733583
11.880082	0.5173263
11.900083	0.51731765
11.920083	0.51730907
11.9400835	0.5173003
11.960084	0.5172917
11.980084	0.5172819
12.000085	0.5172721
12.020085	0.5172619
12.040086	0.51725125
12.060086	0.5172409
12.080087	0.51723075
12.100087	0.51722074
12.120088	0.5172112
12.140088	0.51720285
12.160089	0.5171955
12.180089	0.51718783
12.200089	0.5171794
12.22009	0.5171713
12.24009	0.5171635
12.260091	0.5171559
12.280091	0.5171479
12.300092	0.5171401
12.320092	0.51713264
12.340093	0.5171252
12.360093	0.51711804
12.380094	0.5171115
12.400094	0.5171059
12.4200945	0.51709974
12.440095	0.5170928
12.460095	0.517086
12.480096	0.51707983
12.500096	0.51707375
12.520097	0.5170672
12.540097	0.517061
12.560098	0.5170553
12.580098	0.5170497
12.600099	0.5170446
12.620099	0.51703936
12.6401	0.5170336
12.6601	0.51702744
12.6801	0.51702154
12.700101	0.5170162
12.720101	0.51701033
12.740102	0.51700354
12.760102	0.51699686
12.780103	0.51699024
12.800103	0.5169831
12.820104	0.5169759
12.840104	0.5169692
12.860105	0.51696306
12.880105	0.5169573
12.900105	0.516952
12.920106	0.5169473
12.940106	0.5169419
12.960107	0.51693547
12.980107	0.51692843
13.000108	0.51692116
13.020108	0.5169139
13.040109	0.5169069
13.060109	0.51690024
13.08011	0.51689404
13.10011	0.51688844
13.1201105	0.5168834
13.140111	0.51687896
13.160111	0.5168745
13.180112	0.51686996
13.200112	0.5168655
13.220113	0.51686114
13.240113	0.51685643
13.260114	0.51685166
13.280114	0.5168475
13.300115	0.5168437
13.320115	0.5168395
13.340116	0.5168359
13.360116	0.516833
13.380116	0.51682866
13.400117	0.516823
13.420117	0.5168171
13.440118	0.51681113
13.460118	0.51680475
13.480119	0.51679903
13.500119	0.5167941
13.52012	0.51678896
13.54012	0.5167838
13.560121	0.5167784
13.580121	0.5167731
13.6001215	0.51676834
13.620122	0.51676303
13.640122	0.51675713
13.660123	0.5167515
13.680123	0.5167459
13.700124	0.5167399
13.720124	0.516734
13.740125	0.5167287
13.760125	0.5167241
13.780126	0.51672006
13.800126	0.51671624
13.820127	0.51671314
13.840127	0.51671016
13.860127	0.51670724
13.880128	0.5167048
13.900128	0.51670307
13.920129	0.5167018
13.940129	0.51670074
13.96013	0.5166997
13.98013	0.5166979
14.000131	0.51669544
14.020131	0.51669264
14.040132	0.51668894
14.060132	0.5166844
14.0801325	0.5166791
14.100133	0.5166732
14.120133	0.5166669
14.140134	0.5166607
14.160134	0.51665497
14.180135	0.5166495
14.200135	0.51664364
14.220136	0.5166378
14.240136	0.5166318
14.260137	0.5166253
14.280137	0.51661766
14.3001375	0.51660895
14.320138	0.51660025
14.340138	0.5165913
14.360139	0.5165819
14.380139	0.51657176
14.40014	0.51656175
14.42014	0.5165517
14.440141	0.5165409
14.460141	0.5165298
14.480142	0.5165185
14.500142	0.51650774
14.520143	0.51649857
14.540143	0.5164901
14.560143	0.51648146
14.580144	0.5164738
14.600144	0.5164672
14.620145	0.516461
14.640145	0.51645553
14.660146	0.51645106
14.680146	0.51644814
14.700147	0.5164453
14.720147	0.5164425
14.740148	0.5164397
14.760148	0.5164352
14.7801485	0.51642996
14.800149	0.5164246
14.820149	0.5164181
14.84015	0.51641035
14.86015	0.51640207
14.880151	0.5163932
14.900151	0.5163861
14.920152	0.51638174
14.940152	0.516378
14.960153	0.51637393
14.980153	0.5163704
15.000154	0.5163672
15.020154	0.51636326
15.040154	0.516358
15.060155	0.51635164
15.080155	0.5163455
15.100156	0.51633877
15.120156	0.5163314
15.140157	0.516324
15.160157	0.51631635
15.180158	0.5163082
15.200158	0.5163003
15.220159	0.51629376
15.240159	0.51628804
15.2601595	0.51628226
15.28016	0.5162765
15.30016	0.51627165
15.320161	0.51626766
15.340161	0.51626396
15.360162	0.5162611
15.380162	0.5162585
15.400163	0.5162561
15.420163	0.5162529
15.440164	0.5162482
15.460164	0.5162436
15.480165	0.5162397
15.500165	0.5162363
15.520165	0.5162324
15.540166	0.5162281
15.560166	0.5162238
15.580167	0.5162187
15.600167	0.5162129
15.620168	0.5162072
15.640168	0.5162021
15.660169	0.5161971
15.680169	0.51619244
15.70017	0.51618767
15.72017	0.5161828
15.7401705	0.5161785
15.760171	0.51617396
15.780171	0.5161692
15.800172	0.5161643
15.820172	0.5161593
15.840173	0.51615477
15.860173	0.51615006
15.880174	0.5161454
15.900174	0.5161413
15.920175	0.5161381
15.940175	0.51613516
15.9601755	0.5161326
15.980176	0.5161307
16.000175	0.51612973
16.020176	0.51612943
16.040176	0.5161284
16.060177	0.5161264
16.080177	0.51612395
16.100178	0.5161206
16.120178	0.5161159
16.140179	0.51611024
16.16018	0.5161044
16.18018	0.51609874
16.20018	0.51609284
16.22018	0.5160867
16.240181	0.5160806
16.260181	0.51607424
16.280182	0.5160676
16.300182	0.5160608
16.320183	0.5160544
16.340183	0.5160483
16.360184	0.51604205
16.380184	0.51603544
16.400185	0.516029
16.420185	0.51602256
16.440186	0.516016
16.460186	0.51600915
16.480186	0.516002
16.500187	0.5159949
16.520187	0.51598716
16.540188	0.51597947
16.560188	0.51597244
16.580189	0.5159656
16.60019	0.51595914
16.62019	0.51595306
16.64019	0.51594675
16.66019	0.5159407
16.680191	0.5159352
16.700191	0.5159296
16.720192	0.5159242
16.740192	0.51591986
16.760193	0.51591575
16.780193	0.515911
16.800194	0.5159067
16.820194	0.51590323
16.840195	0.5159
16.860195	0.51589704
16.880196	0.51589406
16.900196	0.51589096
16.920197	0.5158878
16.940197	0.51588535
16.960197	0.51588356
16.980198	0.51588196
17.000198	0.51588
17.020199	0.51587707
17.0402	0.5158731
17.0602	0.5158688
17.0802	0.5158653
17.1002	0.5158631
17.120201	0.5158618
17.140202	0.51586056
17.160202	0.5158601
17.180202	0.5158602
17.200203	0.5158609
17.220203	0.5158617
17.240204	0.5158623
17.260204	0.51586336
17.280205	0.51586443
17.300205	0.51586527
17.320206	0.5158665
17.340206	0.51586807
17.360207	0.5158688
17.380207	0.5158691
17.400208	0.51586884
17.420208	0.5158684
17.440208	0.5158677
17.460209	0.5158664
17.48021	0.5158651
17.50021	0.5158646
17.52021	0.51586497
17.54021	0.51586497
17.560211	0.515865
17.580212	0.5158646
17.600212	0.5158634
17.620213	0.51586294
17.640213	0.5158628
17.660213	0.5158619
17.680214	0.5158613
17.700214	0.5158606
17.720215	0.5158596
17.740215	0.51585877
17.760216	0.5158577
17.780216	0.5158565
17.800217	0.51585597
17.820217	0.5158566
17.840218	0.515858
17.860218	0.5158592
17.880219	0.5158596
17.900219	0.5158591
17.92022	0.5158579
17.94022	0.5158555
17.96022	0.51585317
17.98022	0.5158503
18.000221	0.5158466
18.020222	0.5158435
18.040222	0.5158411
18.060223	0.51584005
18.080223	0.5158401
18.100224	0.51584035
18.120224	0.51583993
18.140224	0.51583886
18.160225	0.5158379
18.180225	0.51583666
18.200226	0.5158338
18.220226	0.5158303
18.240227	0.5158278
18.260227	0.5158255
18.280228	0.51582235
18.300228	0.51581967
18.320229	0.51581764
18.340229	0.5158154
18.36023	0.5158124
18.38023	0.5158088
18.40023	0.51580524
18.42023	0.5158019
18.440231	0.5157997
18.460232	0.5157982
18.480232	0.515797
18.500233	0.51579607
18.520233	0.51579547
18.540234	0.51579434
18.560234	0.51579297
18.580235	0.5157908
18.600235	0.51578814
18.620235	0.5157856
18.640236	0.51578337
18.660236	0.5157815
18.680237	0.5157799
18.700237	0.5157789
18.720238	0.5157782
18.740238	0.5157769
18.760239	0.51577556
18.78024	0.51577437
18.80024	0.515773
18.82024	0.5157716
18.84024	0.5157701
18.86024	0.5157685
18.880241	0.51576686
18.900242	0.51576555
18.920242	0.5157651
18.940243	0.51576495
18.960243	0.51576483
18.980244	0.5157645
19.000244	0.5157635
19.020245	0.51576304
19.040245	0.5157633
19.060246	0.5157643
19.080246	0.51576555
19.100246	0.5157664
19.120247	0.51576704
19.140247	0.5157677
19.160248	0.5157692
19.180248	0.51577115
19.200249	0.51577294
19.22025	0.51577413
19.24025	0.5157753
19.26025	0.5157771
19.28025	0.5157785
19.300251	0.5157801
19.320251	0.51578176
19.340252	0.51578283
19.360252	0.5157838
19.380253	0.51578575
19.400253	0.5157881
19.420254	0.5157899
19.440254	0.5157919
19.460255	0.5157939
19.480255	0.51579654
19.500256	0.515799
19.520256	0.5158008
19.540257	0.51580274
19.560257	0.51580536
19.580257	0.515809
19.600258	0.5158129
19.620258	0.5158154
19.640259	0.5158168
19.66026	0.51581776
19.68026	0.5158186
19.70026	0.51581913
19.72026	0.5158193
19.740261	0.5158192
19.760262	0.51581925
19.780262	0.5158191
19.800262	0.5158181
19.820263	0.5158161
19.840263	0.51581407
19.860264	0.51581275
19.880264	0.51581156
19.900265	0.5158106
19.920265	0.5158106
19.940266	0.51581
19.960266	0.51580924
19.980267	0.5158088
20.000267	0.5158086
20.020267	0.5158087
20.040268	0.51581
20.060268	0.5158117
20.080269	0.5158123
20.10027	0.51581264
20.12027	0.51581407
20.14027	0.5158168
20.16027	0.51581943
20.180271	0.5158221
20.200272	0.515825
20.220272	0.51582706
20.240273	0.5158287
20.260273	0.5158309
20.280273	0.5158334
20.300274	0.51583624
20.320274	0.5158398
20.340275	0.51584417
20.360275	0.5158482
20.380276	0.5158508
20.400276	0.51585156
20.420277	0.515851
20.440277	0.51584995
20.460278	0.515849
20.480278	0.51584905
20.500278	0.5158495
20.520279	0.5158501
20.54028	0.5158517
20.56028	0.51585317
20.58028	0.5158545
20.60028	0.5158558
20.620281	0.51585686
20.640282	0.51585746
20.660282	0.5158574
20.680283	0.5158568
20.700283	0.51585656
20.720284	0.515857
20.740284	0.5158576
20.760284	0.51585764
20.780285	0.51585644
20.800285	0.5158547
20.820286	0.51585305
20.840286	0.5158515
20.860287	0.5158495
20.880287	0.5158471
20.900288	0.5158447
20.920288	0.5158422
20.940289	0.5158394
20.960289	0.5158365
20.98029	0.51583374
21.00029	0.51583093
21.02029	0.51582825
21.04029	0.5158261
21.060291	0.51582485
21.080292	0.51582384
21.100292	0.51582277
21.120293	0.51582193
21.140293	0.51582134
21.160294	0.5158211
21.180294	0.5158211
21.200294	0.5158213
21.220295	0.51582074
21.240295	0.5158193
21.260296	0.5158172
21.280296	0.51581526
21.300297	0.51581407
21.320297	0.5158133
21.340298	0.51581234
21.360298	0.5158109
21.380299	0.5158093
21.4003	0.51580787
21.4203	0.51580644
21.4403	0.5158054
21.4603	0.5158057
21.4803	0.5158068
21.500301	0.5158082
21.520302	0.5158096
21.540302	0.51581013
21.560303	0.5158105
21.580303	0.51581025
21.600304	0.5158098
21.620304	0.51580936
21.640305	0.5158085
21.660305	0.5158073
21.680305	0.5158057
21.700306	0.51580465
21.720306	0.5158046
21.740307	0.5158045
21.760307	0.5158044
21.780308	0.5158044
21.800308	0.515805
21.820309	0.5158064
21.84031	0.5158075
21.86031	0.5158081
21.88031	0.51580906
21.90031	0.5158107
21.920311	0.5158134
21.940311	0.51581633
21.960312	0.5158192
21.980312	0.5158218
22.000313	0.5158237
22.020313	0.5158247
22.040314	0.51582575
22.060314	0.5158275
22.080315	0.5158288
22.100315	0.5158301
22.120316	0.5158318
22.140316	0.51583385
22.160316	0.515836
22.180317	0.51583874
22.200317	0.5158427
22.220318	0.51584667
22.240318	0.51585
22.260319	0.515853
22.28032	0.51585597
22.30032	0.5158583
22.32032	0.5158601
22.34032	0.5158614
22.360321	0.5158628
22.380322	0.51586413
22.400322	0.5158661
22.420322	0.5158686
22.440323	0.5158709
22.460323	0.51587284
22.480324	0.51587445
22.500324	0.5158769
22.520325	0.5158803
22.540325	0.51588404
22.560326	0.515888
22.580326	0.515892
22.600327	0.51589596
22.620327	0.5158993
22.640327	0.5159013
22.660328	0.5159025
22.680328	0.51590395
22.700329	0.5159059
22.72033	0.5159089
22.74033	0.5159118
22.76033	0.5159147
22.78033	0.5159184
22.800331	0.5159224
22.820332	0.5159271
22.840332	0.51593184
22.860332	0.5159359
22.880333	0.51593924
22.900333	0.51594245
22.920334	0.5159459
22.940334	0.51594913
22.960335	0.5159517
22.980335	0.5159534
23.000336	0.51595557
23.020336	0.5159584
23.040337	0.51596165
23.060337	0.515965
23.080338	0.5159687
23.100338	0.5159725
23.120338	0.5159757
23.140339	0.51597905
23.16034	0.5159823
23.18034	0.5159848
23.20034	0.51598644
23.22034	0.51598775
23.240341	0.5159888
23.260342	0.5159894
23.280342	0.51599073
23.300343	0.5159932
23.320343	0.5159961
23.340343	0.51599944
23.360344	0.51600176
23.380344	0.5160033
23.400345	0.5160048
23.420345	0.5160064
23.440346	0.5160077
23.460346	0.51600873
23.480347	0.51600987
23.500347	0.51601076
23.520348	0.5160111
23.540348	0.5160123
23.560349	0.5160146
23.580349	0.51601624
23.60035	0.5160172
23.62035	0.5160173
23.64035	0.5160171
23.66035	0.51601696
23.680351	0.51601654
23.700352	0.51601654
23.720352	0.5160159
23.740353	0.5160138
23.760353	0.5160115
23.780354	0.5160095
23.800354	0.5160072
23.820354	0.5160051
23.840355	0.51600367
23.860355	0.5160022
23.880356	0.5160002
23.900356	0.51599807
23.920357	0.515995
23.940357	0.5159911
23.960358	0.51598734
23.980358	0.51598346
24.000359	0.5159794
24.020359	0.51597536
24.04036	0.5159712
24.06036	0.51596725
24.08036	0.5159633
24.10036	0.51595926
24.120361	0.51595545
24.140362	0.5159516
24.160362	0.51594746
24.180363	0.5159435
24.200363	0.5159401
24.220364	0.5159366
24.240364	0.5159329
24.260365	0.5159292
24.280365	0.5159254
24.300365	0.5159203
24.320366	0.5159141
24.340366	0.5159081
24.360367	0.5159025
24.380367	0.515897
24.400368	0.51589143
24.420368	0.51588583
24.440369	0.51588064
24.46037	0.5158756
24.48037	0.51586974
24.50037	0.5158638
24.52037	0.5158588
24.54037	0.51585376
24.560371	0.5158485
24.580372	0.51584375
24.600372	0.5158385
24.620373	0.5158342
24.640373	0.5158315
24.660374	0.5158293
24.680374	0.5158266
24.700375	0.5158234
24.720375	0.515821
24.740376	0.5158191
24.760376	0.51581687
24.780376	0.51581407
24.800377	0.51581085
24.820377	0.5158066
24.840378	0.51580226
24.860378	0.5157992
24.880379	0.5157971
24.90038	0.5157962
24.92038	0.515795
24.94038	0.51579297
24.96038	0.51579046
24.980381	0.51578844
25.000381	0.5157875
25.020382	0.5157869
25.040382	0.51578593
25.060383	0.51578486
25.080383	0.5157846
25.100384	0.5157846
25.120384	0.51578426
25.140385	0.5157838
25.160385	0.5157837
25.180386	0.515784
25.200386	0.51578426
25.220387	0.51578414
25.240387	0.5157837
25.260387	0.5157844
25.280388	0.5157862
25.300388	0.51578796
25.320389	0.5157893
25.34039	0.5157905
25.36039	0.5157921
25.38039	0.5157937
25.40039	0.51579547
25.420391	0.51579773
25.440392	0.5158007
25.460392	0.51580477
25.480392	0.5158094
25.500393	0.5158139
25.520393	0.5158188
25.540394	0.5158243
25.560394	0.5158303
25.580395	0.5158365
25.600395	0.5158422
25.620396	0.51584697
25.640396	0.51585084
25.660397	0.5158549
25.680397	0.51585853
25.700397	0.5158609
25.720398	0.5158626
25.740398	0.5158635
25.760399	0.51586384
25.7804	0.5158646
25.8004	0.51586586
25.8204	0.5158675
25.8404	0.51586914
25.860401	0.5158711
25.880402	0.5158737
25.900402	0.51587635
25.920403	0.515879
25.940403	0.5158812
25.960403	0.5158837
25.980404	0.5158871
26.000404	0.5158905
26.020405	0.5158936
26.040405	0.5158961
26.060406	0.515898
26.080406	0.51589906
26.100407	0.5158996
26.120407	0.5159005
26.140408	0.5159011
26.160408	0.5159013
26.180408	0.515902
26.200409	0.5159028
26.22041	0.5159037
26.24041	0.5159051
26.26041	0.5159071
26.28041	0.5159091
26.300411	0.51591015
26.320412	0.515911
26.340412	0.51591134
26.360413	0.51591057
26.380413	0.5159095
26.400414	0.51590836
26.420414	0.5159064
26.440414	0.51590264
26.460415	0.51589733
26.480415	0.51589096
26.500416	0.5158839
26.520416	0.5158774
26.540417	0.51587117
26.560417	0.51586545
26.580418	0.51586044
26.600418	0.51585627
26.620419	0.5158527
26.640419	0.5158491
26.66042	0.51584554
26.68042	0.5158416
26.70042	0.5158373
26.72042	0.51583385
26.740421	0.5158315
26.760422	0.5158298
26.780422	0.5158284
26.800423	0.5158268
26.820423	0.5158259
26.840424	0.5158249
26.860424	0.5158239
26.880424	0.5158225
26.900425	0.5158209
26.920425	0.5158187
26.940426	0.515816
26.960426	0.51581323
26.980427	0.5158099
27.000427	0.5158065
27.020428	0.5158032
27.040428	0.5157999
27.060429	0.51579624
27.08043	0.51579237
27.10043	0.51578844
27.12043	0.51578456
27.14043	0.5157815
27.16043	0.5157793
27.180431	0.51577723
27.200432	0.515775
27.220432	0.51577294
27.240433	0.51577103
27.260433	0.5157692
27.280434	0.51576734
27.300434	0.51576495
27.320435	0.515762
27.340435	0.51575977
27.360435	0.51575834
27.380436	0.5157578
27.400436	0.5157578
27.420437	0.51575744
27.440437	0.5157565
27.460438	0.5157549
27.480438	0.5157535
27.500439	0.51575226
27.52044	0.51575047
27.54044	0.5157487
27.56044	0.5157474
27.58044	0.515746
27.600441	0.51574457
27.620441	0.5157429
27.640442	0.5157406
27.660442	0.5157386
27.680443	0.5157373
27.700443	0.5157356
27.720444	0.5157326
27.740444	0.51572895
27.760445	0.51572573
27.780445	0.5157229
27.800446	0.51572025
27.820446	0.51571715
27.840446	0.51571333
27.860447	0.5157087
27.880447	0.5157036
27.900448	0.51569825
27.920448	0.51569295
27.940449	0.5156877
27.96045	0.5156829
27.98045	0.5156786
28.00045	0.515674
28.02045	0.515669
28.040451	0.5156642
28.060452	0.51566017
28.080452	0.5156567
28.100452	0.5156531
28.120453	0.51564866
28.140453	0.51564395
28.160454	0.5156394
28.180454	0.51563525
28.200455	0.51563036
28.220455	0.51562536
28.240456	0.51562005
28.260456	0.5156139
28.280457	0.5156082
28.300457	0.5156033
28.320457	0.51559854
28.340458	0.5155939
28.360458	0.5155896
28.380459	0.5155856
28.40046	0.5155821
28.42046	0.51557934
28.44046	0.51557726
28.46046	0.5155755
28.480461	0.5155747
28.500462	0.5155742
28.520462	0.5155735
28.540462	0.5155728
28.560463	0.515573
28.580463	0.5155735
28.600464	0.51557356
28.620464	0.5155734
28.640465	0.515573
28.660465	0.51557326
28.680466	0.51557505
28.700466	0.51557857
28.720467	0.51558304
28.740467	0.5155882
28.760468	0.51559246
28.780468	0.5155953
28.800468	0.5155982
28.820469	0.5156008
28.84047	0.51560295
28.86047	0.5156055
28.88047	0.5156089
28.90047	0.51561224
28.920471	0.51561475
28.940472	0.5156167
28.960472	0.5156179
28.980473	0.51561844
29.000473	0.5156187
29.020473	0.5156194
29.040474	0.51562107
29.060474	0.51562274
29.080475	0.5156238
29.100475	0.51562494
29.120476	0.5156259
29.140476	0.51562667
29.160477	0.5156275
29.180477	0.51562876
29.200478	0.51563036
29.220478	0.5156332
29.240479	0.51563644
29.260479	0.5156393
29.28048	0.51564205
29.30048	0.51564425
29.32048	0.5156466
29.34048	0.51564884
29.360481	0.51565075
29.380482	0.5156526
29.400482	0.51565456
29.420483	0.51565707
29.440483	0.51565933
29.460484	0.51566076
29.480484	0.5156611
29.500484	0.5156609
29.520485	0.51566136
29.540485	0.515663
29.560486	0.51566565
29.580486	0.5156687
29.600487	0.5156721
29.620487	0.515676
29.640488	0.51568115
29.660488	0.5156864
29.680489	0.5156916
29.700489	0.51569736
29.72049	0.51570356
29.74049	0.5157097
29.76049	0.51571596
29.78049	0.5157219
29.800491	0.51572764
29.820492	0.5157333
29.840492	0.5157381
29.860493	0.5157416
29.880493	0.5157448
29.900494	0.5157492
29.920494	0.51575387
29.940495	0.5157589
29.960495	0.5157642
29.980495	0.5157695
30.000496	0.5157746
30.020496	0.51577836
30.040497	0.51578116
30.060497	0.515784
30.080498	0.5157882
30.100498	0.5157926
30.120499	0.5157975
30.1405	0.5158037
30.1605	0.5158107
30.1805	0.51581836
30.2005	0.5158267
30.2205	0.5158346
30.240501	0.515842
30.260502	0.5158485
30.280502	0.5158545
30.300503	0.51586044
30.320503	0.51586556
30.340504	0.5158694
30.360504	0.5158726
30.380505	0.5158752
30.400505	0.51587653
30.420506	0.51587695
30.440506	0.51587695
30.460506	0.51587695
30.480507	0.5158783
30.500507	0.5158808
30.520508	0.5158838
30.540508	0.51588726
30.560509	0.5158913
30.58051	0.5158948
30.60051	0.5158973
30.62051	0.5158996
30.64051	0.5159017
30.660511	0.515904
30.680511	0.5159057
30.700512	0.51590663
30.720512	0.515908
30.740513	0.5159093
30.760513	0.5159095
30.780514	0.51590884
30.800514	0.5159086
30.820515	0.5159079
30.840515	0.5159066
30.860516	0.5159061
30.880516	0.515907
30.900517	0.51590836
30.920517	0.5159091
30.940517	0.51590943
30.960518	0.51590884
30.980518	0.515907
31.000519	0.5159039
31.02052	0.51589954
31.04052	0.5158949
31.06052	0.5158905
31.08052	0.5158862
31.100521	0.5158823
31.120522	0.51587886
31.140522	0.5158758
31.160522	0.51587236
31.180523	0.5158688
31.200523	0.5158658
31.220524	0.51586294
31.240524	0.51585996
31.260525	0.5158565
31.280525	0.5158527
31.300526	0.51584905
31.320526	0.51584667
31.340527	0.51584417
31.360527	0.51584125
31.380527	0.5158382
31.400528	0.5158354
31.420528	0.515833
31.440529	0.5158303
31.46053	0.51582694
31.48053	0.51582336
31.50053	0.51581895
31.52053	0.51581466
31.540531	0.51581115
31.560532	0.51580745
31.580532	0.51580405
31.600533	0.51580125
31.620533	0.5157983
31.640533	0.5157945
31.660534	0.51579034
31.680534	0.5157864
31.700535	0.5157828
31.720535	0.5157795
31.740536	0.51577586
31.760536	0.5157714
31.780537	0.51576567
31.800537	0.51575947
31.820538	0.5157542
31.840538	0.5157503
31.860538	0.51574695
31.880539	0.51574385
31.90054	0.5157417
31.92054	0.51573944
31.94054	0.51573753
31.96054	0.5157371
31.980541	0.5157365
32.00054	0.51573503
32.020542	0.5157343
32.040543	0.5157343
32.060543	0.5157344
32.080544	0.5157341
32.100544	0.51573336
32.120544	0.5157318
32.140545	0.51572925
32.160545	0.5157267
32.180546	0.51572394
32.200546	0.5157204
32.220547	0.51571584
32.240547	0.51571083
32.260548	0.5157056
32.28055	0.5157003
32.30055	0.5156954
32.32055	0.51569104
32.34055	0.5156871
32.36055	0.5156833
32.38055	0.51567894
32.40055	0.5156744
32.42055	0.5156704
32.44055	0.5156668
32.460552	0.515663
32.480553	0.51565915
32.500553	0.515656
32.520554	0.5156542
32.540554	0.5156532
32.560555	0.5156524
32.580555	0.515652
32.600555	0.5156516
32.620556	0.51565075
32.640556	0.5156493
32.660557	0.515648
32.680557	0.5156472
32.700558	0.5156467
32.72056	0.5156467
32.74056	0.5156473
32.76056	0.51564777
32.78056	0.515648
32.80056	0.5156485
32.82056	0.51564914
32.84056	0.5156496
32.86056	0.51565015
32.88056	0.515651
32.900562	0.515651
32.920563	0.51565003
32.940563	0.5156486
32.960564	0.5156461
32.980564	0.51564264
33.000565	0.51563925
33.020565	0.5156368
33.040565	0.51563525
33.060566	0.5156349
33.080566	0.5156349
33.100567	0.51563483
33.120567	0.5156349
33.140568	0.51563525
33.16057	0.5156369
33.18057	0.51563925
33.20057	0.515642
33.22057	0.51564556
33.24057	0.5156495
33.26057	0.515653
33.28057	0.5156565
33.30057	0.5156603
33.32057	0.5156642
33.340572	0.51566744
33.360573	0.51566935
33.380573	0.5156715
33.400574	0.5156738
33.420574	0.51567584
33.440575	0.515677
33.460575	0.5156771
33.480576	0.515676
33.500576	0.515674
33.520576	0.5156727
33.540577	0.5156716
33.560577	0.51566994
33.580578	0.5156684
33.60058	0.5156665
33.62058	0.5156641
33.64058	0.5156616
33.66058	0.5156593
33.68058	0.51565737
33.70058	0.51565516
33.72058	0.51565284
33.74058	0.51565105
33.760582	0.51564944
33.780582	0.51564866
33.800583	0.51564884
33.820583	0.5156483
33.840584	0.51564604
33.860584	0.5156432
33.880585	0.51564014
33.900585	0.51563704
33.920586	0.5156337
33.940586	0.5156295
33.960587	0.51562524
33.980587	0.5156218
34.000587	0.5156182
34.020588	0.5156137
34.04059	0.51560915
34.06059	0.5156044
34.08059	0.51559865
34.10059	0.51559335
34.12059	0.5155894
34.14059	0.5155861
34.16059	0.5155829
34.18059	0.51558053
34.200592	0.51557887
34.220592	0.51557624
34.240593	0.5155733
34.260593	0.5155704
34.280594	0.5155668
34.300594	0.5155633
34.320595	0.5155599
34.340595	0.51555645
34.360596	0.5155527
34.380596	0.5155489
34.400597	0.5155455
34.420597	0.5155425
34.440598	0.51554024
34.460598	0.51553893
34.4806	0.5155387
34.5006	0.51553917
34.5206	0.51554024
34.5406	0.51554203
34.5606	0.5155437
34.5806	0.515545
34.6006	0.51554626
34.6206	0.5155475
34.640602	0.5155491
34.660603	0.5155506
34.680603	0.5155518
34.700603	0.51555324
34.720604	0.51555485
34.740604	0.515557
34.760605	0.5155598
34.780605	0.5155623
34.800606	0.51556444
34.820606	0.51556563
34.840607	0.5155656
34.860607	0.51556474
34.880608	0.5155635
34.900608	0.5155623
34.92061	0.515561
34.94061	0.5155599
34.96061	0.5155585
34.98061	0.5155558
35.00061	0.51555204
35.02061	0.51554745
35.04061	0.51554215
35.06061	0.51553714
35.080612	0.5155337
35.100613	0.515531
35.120613	0.515529
35.140614	0.5155276
35.160614	0.51552606
35.180614	0.5155245
35.200615	0.5155238
35.220615	0.5155235
35.240616	0.515523
35.260616	0.5155218
35.280617	0.5155194
35.300617	0.51551616
35.320618	0.5155132
35.34062	0.5155101
35.36062	0.5155067
35.38062	0.5155029
35.40062	0.5154989
35.42062	0.51549554
35.44062	0.51549244
35.46062	0.51549006
35.48062	0.5154883
35.50062	0.5154873
35.520622	0.5154867
35.540623	0.5154866
35.560623	0.5154875
35.580624	0.51548845
35.600624	0.51548934
35.620625	0.5154908
35.640625	0.5154919
35.660625	0.5154916
35.680626	0.51549053
35.700626	0.51548976
35.720627	0.5154897
35.740627	0.51548934
35.760628	0.51548845
35.78063	0.51548755
35.80063	0.51548606
35.82063	0.51548433
35.84063	0.5154825
35.86063	0.5154805
35.88063	0.51547813
35.90063	0.515476
35.92063	0.51547384
35.94063	0.5154707
35.960632	0.5154669
35.980633	0.5154638
36.000633	0.51546085
36.020634	0.5154578
36.040634	0.5154549
36.060635	0.5154518
36.080635	0.51544863
36.100636	0.51544535
36.120636	0.51544225
36.140636	0.51544064
36.160637	0.5154399
36.180637	0.51543915
36.200638	0.5154389
36.22064	0.5154394
36.24064	0.51544017
36.26064	0.5154413
36.28064	0.5154418
36.30064	0.51544154
36.32064	0.5154416
36.34064	0.5154423
36.36064	0.5154432
36.380642	0.5154439
36.400642	0.51544476
36.420643	0.5154455
36.440643	0.5154464
36.460644	0.5154482
36.480644	0.51544964
36.500645	0.5154507
36.520645	0.5154521
36.540646	0.5154531
36.560646	0.51545334
36.580647	0.51545286
36.600647	0.51545286
36.620647	0.51545405
36.640648	0.51545584
36.66065	0.5154566
36.68065	0.5154569
36.70065	0.5154579
36.72065	0.51545906
36.74065	0.5154598
36.76065	0.51546097
36.78065	0.51546365
36.80065	0.51546663
36.820652	0.51546866
36.840652	0.51547
36.860653	0.5154716
36.880653	0.5154733
36.900654	0.5154748
36.920654	0.5154772
36.940655	0.5154805
36.960655	0.5154836
36.980656	0.5154867
37.000656	0.5154898
37.020657	0.5154928
37.040657	0.51549554
37.060658	0.5154977
37.080658	0.5154991
37.10066	0.5155003
37.12066	0.5155015
37.14066	0.51550305
37.16066	0.5155048
37.18066	0.5155069
37.20066	0.5155094
37.22066	0.51551175
37.24066	0.5155134
37.260662	0.5155144
37.280663	0.5155144
37.300663	0.515514
37.320663	0.51551425
37.340664	0.5155154
37.360664	0.5155169
37.380665	0.5155177
37.400665	0.5155189
37.420666	0.5155206
37.440666	0.5155221
37.460667	0.51552415
37.480667	0.51552665
37.500668	0.5155284
37.520668	0.51552886
37.54067	0.51552886
37.56067	0.51552856
37.58067	0.5155281
37.60067	0.5155276
37.62067	0.5155273
37.64067	0.51552737
37.66067	0.5155276
37.68067	0.5155277
37.700672	0.51552737
37.720673	0.5155263
37.740673	0.5155245
37.760674	0.515522
37.780674	0.51551884
37.800674	0.51551557
37.820675	0.5155133
37.840675	0.51551104
37.860676	0.51550883
37.880676	0.51550806
37.900677	0.5155078
37.920677	0.5155072
37.940678	0.515507
37.96068	0.515507
37.98068	0.5155072
38.00068	0.5155083
38.02068	0.51550996
38.04068	0.51551247
38.06068	0.5155157
38.08068	0.51551956
38.10068	0.51552415
38.12068	0.5155281
38.140682	0.5155312
38.160683	0.5155332
38.180683	0.515535
38.200684	0.5155376
38.220684	0.51554036
38.240685	0.515543
38.260685	0.5155459
38.280685	0.51554924
38.300686	0.51555294
38.320686	0.515557
38.340687	0.51556176
38.360687	0.5155666
38.380688	0.51557064
38.40069	0.51557434
38.42069	0.51557827
38.44069	0.51558185
38.46069	0.5155833
38.48069	0.51558316
38.50069	0.51558226
38.52069	0.5155816
38.54069	0.51558197
38.56069	0.51558304
38.580692	0.5155837
38.600693	0.5155837
38.620693	0.5155837
38.640694	0.51558375
38.660694	0.5155847
38.680695	0.51558685
38.700695	0.5155888
38.720695	0.51559114
38.740696	0.5155945
38.760696	0.51559806
38.780697	0.5156012
38.800697	0.5156038
38.820698	0.5156063
38.8407	0.51560825
38.8607	0.51560956
38.8807	0.5156117
38.9007	0.5156139
38.9207	0.51561576
38.9407	0.5156177
38.9607	0.51562035
38.9807	0.5156238
39.0007	0.5156269
39.020702	0.5156295
39.040703	0.51563275
39.060703	0.51563585
39.080704	0.51563764
39.100704	0.5156379
39.120705	0.515637
39.140705	0.51563525
39.160706	0.5156323
39.180706	0.5156286
39.200706	0.5156251
39.220707	0.5156224
39.240707	0.51561946
39.260708	0.5156171
39.28071	0.5156153
39.30071	0.5156123
39.32071	0.51560867
39.34071	0.5156053
39.36071	0.51560163
39.38071	0.51559746
39.40071	0.51559305
39.42071	0.5155891
39.440712	0.5155859
39.460712	0.51558316
39.480713	0.51558053
39.500713	0.5155772
39.520714	0.5155734
39.540714	0.51557064
39.560715	0.5155694
39.580715	0.5155689
39.600716	0.5155686
39.620716	0.5155686
39.640717	0.51556957
39.660717	0.5155705
39.680717	0.5155716
39.700718	0.51557255
39.72072	0.5155729
39.74072	0.51557255
39.76072	0.5155723
39.78072	0.5155729
39.80072	0.51557374
39.82072	0.51557493
39.84072	0.5155771
39.86072	0.5155798
39.880722	0.515582
39.900723	0.51558334
39.920723	0.51558363
39.940723	0.51558304
39.960724	0.51558256
39.980724	0.5155827
40.000725	0.51558363
40.020725	0.5155846
40.040726	0.51558477
40.060726	0.515584
40.080727	0.5155835
40.100727	0.5155844
40.120728	0.51558536
40.140728	0.5155865
40.16073	0.51558846
40.18073	0.5155908
40.20073	0.5155941
40.22073	0.5155983
40.24073	0.51560175
40.26073	0.51560473
40.28073	0.51560724
40.30073	0.51560915
40.320732	0.51561105
40.340733	0.51561356
40.360733	0.5156158
40.380733	0.5156182
40.400734	0.5156211
40.420734	0.51562417
40.440735	0.5156268
40.460735	0.51562834
40.480736	0.51562893
40.500736	0.5156304
40.520737	0.5156325
40.540737	0.5156344
40.560738	0.51563686
40.580738	0.51564085
40.60074	0.51564544
40.62074	0.51565
40.64074	0.515654
40.66074	0.51565784
40.68074	0.51566136
40.70074	0.515664
40.72074	0.51566654
40.74074	0.51567006
40.760742	0.51567394
40.780743	0.51567703
40.800743	0.51567936
40.820744	0.5156817
40.840744	0.5156834
40.860744	0.5156848
40.880745	0.51568615
40.900745	0.5156877
40.920746	0.5156904
40.940746	0.5156942
40.960747	0.51569855
40.980747	0.5157033
41.000748	0.5157076
41.02075	0.51571155
41.04075	0.515715
41.06075	0.5157181
41.08075	0.5157218
41.10075	0.51572543
41.12075	0.51572824
41.14075	0.515731
41.16075	0.5157335
41.18075	0.51573503
41.200752	0.5157347
41.220753	0.51573336
41.240753	0.51573205
41.260754	0.5157301
41.280754	0.51572824
41.300755	0.51572603
41.320755	0.51572305
41.340755	0.51572067
41.360756	0.51571834
41.380756	0.5157156
41.400757	0.515713
41.420757	0.51571006
41.440758	0.51570714
41.46076	0.51570374
41.48076	0.5156998
41.50076	0.51569533
41.52076	0.5156906
41.54076	0.5156864
41.56076	0.51568204
41.58076	0.5156775
41.60076	0.51567364
41.62076	0.5156696
41.640762	0.51566577
41.660763	0.5156619
41.680763	0.5156579
41.700764	0.5156542
41.720764	0.51565003
41.740765	0.51564497
41.760765	0.51563907
41.780766	0.5156319
41.800766	0.5156233
41.820766	0.51561284
41.840767	0.5156023
41.860767	0.5155932
41.880768	0.5155848
41.90077	0.5155772
41.92077	0.5155704
41.94077	0.5155643
41.96077	0.5155586
41.98077	0.515553
42.00077	0.5155482
42.02077	0.51554376
42.04077	0.5155396
42.060772	0.5155355
42.080772	0.51553154
42.100773	0.51552904
42.120773	0.5155281
42.140774	0.51552784
42.160774	0.5155271
42.180775	0.51552594
42.200775	0.5155251
42.220776	0.5155249
42.240776	0.51552534
42.260777	0.5155262
42.280777	0.51552665
42.300777	0.51552784
42.320778	0.5155296
42.34078	0.51553047
42.36078	0.5155313
42.38078	0.51553166
42.40078	0.51553065
42.42078	0.5155294
42.44078	0.5155283
42.46078	0.51552784
42.48078	0.5155275
42.500782	0.5155262
42.520782	0.5155248
42.540783	0.51552314
42.560783	0.51552033
42.580784	0.5155171
42.600784	0.51551354
42.620785	0.5155101
42.640785	0.5155071
42.660786	0.51550394
42.680786	0.5155013
42.700787	0.51549923
42.720787	0.5154969
42.740788	0.51549476
42.760788	0.5154923
42.78079	0.515489
42.80079	0.5154847
42.82079	0.51547956
42.84079	0.51547414
42.86079	0.5154691
42.88079	0.515465
42.90079	0.5154611
42.92079	0.51545703
42.940792	0.5154528
42.960793	0.5154493
42.980793	0.51544666
43.000793	0.51544416
43.020794	0.51544225
43.040794	0.5154403
43.060795	0.5154386
43.080795	0.51543796
43.100796	0.5154377
43.120796	0.5154371
43.140797	0.5154356
43.160797	0.51543283
43.180798	0.5154294
43.200798	0.51542586
43.2208	0.51542276
43.2408	0.5154201
43.2608	0.5154177
43.2808	0.5154159
43.3008	0.51541495
43.3208	0.5154146
43.3408	0.5154141
43.3608	0.5154133
43.380802	0.5154121
43.400803	0.5154115
43.420803	0.51541185
43.440804	0.51541257
43.460804	0.5154133
43.480804	0.5154134
43.500805	0.5154129
43.520805	0.5154122
43.540806	0.51541185
43.560806	0.51541173
43.580807	0.51541173
43.600807	0.515412
43.620808	0.515413
43.64081	0.51541406
43.66081	0.51541525
43.68081	0.51541716
43.70081	0.51541924
43.72081	0.5154214
43.74081	0.5154232
43.76081	0.5154249
43.78081	0.5154268
43.80081	0.5154286
43.820812	0.51543105
43.840813	0.5154336
43.860813	0.5154355
43.880814	0.5154382
43.900814	0.5154417
43.920815	0.5154445
43.940815	0.5154474
43.960815	0.51545084
43.980816	0.51545393
44.000816	0.51545674
44.020817	0.5154594
44.040817	0.51546335
44.060818	0.5154683
44.08082	0.5154735
44.10082	0.5154792
44.12082	0.5154849
44.14082	0.5154897
44.16082	0.5154937
44.18082	0.51549804
44.20082	0.5155028
44.22082	0.51550734
44.24082	0.51551086
44.260822	0.515514
44.280823	0.51551723
44.300823	0.51552075
44.320824	0.51552457
44.340824	0.5155288
44.360825	0.5155332
44.380825	0.51553774
44.400826	0.5155425
44.420826	0.5155466
44.440826	0.5155509
44.460827	0.5155556
44.480827	0.5155606
44.500828	0.5155664
44.52083	0.5155724
44.54083	0.5155777
44.56083	0.51558185
44.58083	0.5155859
44.60083	0.51559037
44.62083	0.5155941
44.64083	0.5155965
44.66083	0.51559925
44.680832	0.5156022
44.700832	0.51560426
44.720833	0.5156057
44.740833	0.515607
44.760834	0.515609
44.780834	0.51561177
44.800835	0.5156142
44.820835	0.51561666
44.840836	0.5156188
44.860836	0.51562
44.880836	0.5156208
44.900837	0.5156216
44.920837	0.5156231
44.940838	0.51562464
44.96084	0.51562554
44.98084	0.51562583
45.00084	0.5156249
45.02084	0.5156231
45.04084	0.5156212
45.06084	0.5156191
45.08084	0.515617
45.10084	0.5156156
45.120842	0.5156144
45.140842	0.51561344
45.160843	0.51561385
45.180843	0.51561505
45.200844	0.5156161
45.220844	0.515617
45.240845	0.51561815
45.260845	0.5156196
45.280846	0.5156211
45.300846	0.5156232
45.320847	0.5156259
45.340847	0.5156292
45.360847	0.5156336
45.380848	0.51563835
45.40085	0.5156438
45.42085	0.5156498
45.44085	0.51565576
45.46085	0.5156617
45.48085	0.51566744
45.50085	0.51567346
45.52085	0.51567984
45.54085	0.51568633
45.560852	0.515694
45.580853	0.51570284
45.600853	0.51571155
45.620853	0.5157198
45.640854	0.5157285
45.660854	0.5157373
45.680855	0.51574576
45.700855	0.51575416
45.720856	0.51576304
45.740856	0.51577294
45.760857	0.51578295
45.780857	0.515792
45.800858	0.51580065
45.820858	0.51580966
45.84086	0.51581955
45.86086	0.51582927
45.88086	0.51583767
45.90086	0.5158453
45.92086	0.5158526
45.94086	0.51585937
45.96086	0.51586556
45.98086	0.5158714
46.000862	0.5158781
46.020863	0.5158853
46.040863	0.5158917
46.060863	0.5158975
46.080864	0.5159031
46.100864	0.5159079
46.120865	0.51591206
46.140865	0.5159154
46.160866	0.5159171
46.180866	0.5159173
46.200867	0.5159167
46.220867	0.51591676
46.240868	0.5159173
46.260868	0.5159174
46.28087	0.51591694
46.30087	0.5159161
46.32087	0.51591504
46.34087	0.51591384
46.36087	0.515913
46.38087	0.51591265
46.40087	0.5159129
46.42087	0.5159137
46.440872	0.51591474
46.460873	0.5159157
46.480873	0.51591647
46.500874	0.51591706
46.520874	0.51591706
46.540874	0.5159168
46.560875	0.51591545
46.580875	0.5159128
46.600876	0.51591
46.620876	0.51590717
46.640877	0.5159049
46.660877	0.51590335
46.680878	0.5159023
46.70088	0.5159011
46.72088	0.51589966
46.74088	0.51589876
46.76088	0.5158988
46.78088	0.5158989
46.80088	0.5158993
46.82088	0.5159003
46.84088	0.5159025
46.86088	0.5159055
46.880882	0.515908
46.900883	0.5159093
46.920883	0.5159107
46.940884	0.5159123
46.960884	0.5159137
46.980885	0.5159156
47.000885	0.5159179
47.020885	0.5159203
47.040886	0.51592284
47.060886	0.5159255
47.080887	0.5159284
47.100887	0.5159315
47.120888	0.5159339
47.14089	0.5159352
47.16089	0.5159357
47.18089	0.51593626
47.20089	0.51593614
47.22089	0.51593524
47.24089	0.5159335
47.26089	0.5159309
47.28089	0.5159282
47.30089	0.5159254
47.320892	0.51592267
47.340893	0.5159203
47.360893	0.5159184
47.380894	0.51591694
47.400894	0.515916
47.420895	0.515915
47.440895	0.51591396
47.460896	0.51591206
47.480896	0.5159087
47.500896	0.51590586
47.520897	0.51590383
47.540897	0.51590186
47.560898	0.51590014
47.5809	0.5158993
47.6009	0.51589924
47.6209	0.5158995
47.6409	0.5158998
47.6609	0.51590025
47.6809	0.515902
47.7009	0.5159053
47.7209	0.51590943
47.740902	0.51591396
47.760902	0.51591885
47.780903	0.5159235
47.800903	0.5159282
47.820904	0.5159338
47.840904	0.5159399
47.860905	0.51594555
47.880905	0.5159509
47.900906	0.5159565
47.920906	0.51596284
47.940907	0.5159695
47.960907	0.5159762
47.980907	0.5159817
48.000908	0.51598585
48.02091	0.5159897
48.04091	0.51599324
48.06091	0.5159961
48.08091	0.51599824
48.10091	0.51599944
48.12091	0.51600087
48.14091	0.5160029
48.16091	0.5160046
48.180912	0.5160063
48.200912	0.5160078
48.220913	0.51600873
48.240913	0.51600873
48.260914	0.51600814
48.280914	0.5160081
48.300915	0.5160086
48.320915	0.51600945
48.340916	0.5160106
48.360916	0.51601136
48.380917	0.5160116
48.400917	0.5160116
48.420918	0.51601076
48.440918	0.5160093
48.46092	0.51600754
48.48092	0.51600564
48.50092	0.51600295
48.52092	0.5160003
48.54092	0.515998
48.56092	0.5159955
48.58092	0.5159914
48.60092	0.51598644
48.620922	0.5159814
48.640923	0.51597637
48.660923	0.51597154
48.680923	0.51596713
48.700924	0.51596355
48.720924	0.51596004
48.740925	0.5159569
48.760925	0.5159542
48.780926	0.515952
48.800926	0.51595026
48.820927	0.5159497
48.840927	0.51594996
48.860928	0.5159497
48.880928	0.51594836
48.90093	0.51594603
48.92093	0.5159445
48.94093	0.51594424
48.96093	0.5159446
48.98093	0.51594543
49.00093	0.5159469
49.02093	0.51594925
49.04093	0.515952
49.060932	0.5159545
49.080933	0.515956
49.100933	0.51595724
49.120934	0.51595914
49.140934	0.5159606
49.160934	0.51596105
49.180935	0.51596236
49.200935	0.5159639
49.220936	0.5159641
49.240936	0.51596344
49.260937	0.51596236
49.280937	0.5159602
49.300938	0.515958
49.32094	0.51595604
49.34094	0.51595366
49.36094	0.5159505
49.38094	0.5159472
49.40094	0.5159445
49.42094	0.51594174
49.44094	0.51593876
49.46094	0.5159352
49.48094	0.5159307
49.500942	0.5159255
49.520943	0.51591945
49.540943	0.515913
49.560944	0.51590633
49.580944	0.51589936
49.600945	0.5158931
49.620945	0.5158887
49.640945	0.51588464
49.660946	0.51588064
49.680946	0.51587665
49.700947	0.5158725
49.720947	0.51586825
49.740948	0.51586413
49.76095	0.51585966
49.78095	0.5158541
49.80095	0.51584804
49.82095	0.51584154
49.84095	0.5158351
49.86095	0.5158291
49.88095	0.5158233
49.90095	0.51581734
49.92095	0.5158105
49.940952	0.51580334
49.960953	0.51579654
49.980953	0.5157902
50.0	0.51578397
