0.0	0.60000026
0.02	0.5999907
0.04	0.59996367
0.06	0.5999198
0.08	0.5998591
0.099999994	0.59978217
0.11999999	0.5996892
0.13999999	0.59958106
0.15999998	0.5994581
0.17999998	0.59931993
0.19999997	0.59916735
0.21999997	0.5990014
0.23999996	0.5988232
0.25999996	0.59863305
0.27999997	0.5984308
0.29999998	0.59821683
0.32	0.59799135
0.34	0.59775543
0.36	0.5975102
0.38000003	0.59725523
0.40000004	0.5969901
0.42000005	0.59671605
0.44000006	0.5964341
0.46000007	0.59614503
0.48000008	0.59584904
0.50000006	0.5955451
0.52000004	0.5952337
0.54	0.59491575
0.56	0.59459066
0.58	0.5942595
0.59999996	0.59392285
0.61999995	0.5935801
0.6399999	0.5932309
0.6599999	0.59287596
0.6799999	0.59251606
0.69999987	0.59215176
0.71999985	0.5917837
0.73999983	0.59141237
0.7599998	0.59103775
0.7799998	0.5906596
0.7999998	0.5902784
0.81999975	0.58989394
0.83999974	0.5895058
0.8599997	0.5891148
0.8799997	0.58872145
0.8999997	0.58832604
0.91999966	0.5879284
0.93999964	0.5875281
0.9599996	0.5871263
0.9799996	0.5867233
0.9999996	0.58631885
1.0199996	0.5859133
1.0399996	0.58550644
1.0599996	0.5850989
1.0799996	0.5846908
1.0999995	0.5842824
1.1199995	0.5838741
1.1399995	0.5834657
1.1599995	0.5830567
1.1799995	0.5826474
1.1999995	0.58223844
1.2199994	0.5818307
1.2399994	0.5814227
1.2599994	0.5810143
1.2799994	0.5806056
1.2999994	0.58019745
1.3199993	0.57978964
1.3399993	0.5793822
1.3599993	0.5789757
1.3799993	0.5785699
1.3999993	0.5781645
1.4199992	0.5777593
1.4399992	0.5773537
1.4599992	0.57694817
1.4799992	0.5765437
1.4999992	0.5761403
1.5199991	0.5757378
1.5399991	0.57533705
1.5599991	0.57493854
1.5799991	0.5745415
1.5999991	0.5741451
1.619999	0.57375
1.639999	0.57335657
1.659999	0.5729641
1.679999	0.572572
1.699999	0.57218117
1.719999	0.5717919
1.7399989	0.571404
1.7599989	0.57101756
1.7799989	0.5706326
1.7999989	0.57024866
1.8199989	0.56986535
1.8399988	0.5694835
1.8599988	0.5691035
1.8799988	0.5687252
1.8999988	0.5683487
1.9199988	0.56797445
1.9399987	0.56760323
1.9599987	0.56723547
1.9799987	0.5668698
1.9999987	0.56650496
2.0199988	0.5661415
2.0399988	0.56578034
2.0599988	0.5654222
2.0799987	0.5650656
2.0999987	0.564711
2.1199987	0.5643599
2.1399987	0.5640118
2.1599987	0.56366587
2.1799986	0.5633213
2.1999986	0.5629778
2.2199986	0.5626354
2.2399986	0.5622958
2.2599986	0.5619587
2.2799985	0.5616225
2.2999985	0.5612879
2.3199985	0.5609556
2.3399985	0.5606253
2.3599985	0.5602974
2.3799984	0.55997276
2.3999984	0.55965006
2.4199984	0.5593288
2.4399984	0.5590097
2.4599984	0.55869174
2.4799984	0.5583755
2.4999983	0.5580613
2.5199983	0.5577487
2.5399983	0.55743694
2.5599983	0.5571262
2.5799983	0.5568181
2.5999982	0.55651295
2.6199982	0.5562091
2.6399982	0.5559063
2.6599982	0.55560446
2.6799982	0.55530447
2.6999981	0.55500686
2.7199981	0.55471265
2.739998	0.5544219
2.759998	0.5541332
2.779998	0.5538462
2.799998	0.5535618
2.819998	0.5532802
2.839998	0.55300033
2.859998	0.55272174
2.879998	0.55244505
2.899998	0.55217177
2.919998	0.55190134
2.939998	0.55163324
2.959998	0.55136687
2.9799979	0.5511031
2.9999979	0.5508417
3.0199978	0.55058134
3.0399978	0.55032253
3.0599978	0.55006623
3.0799978	0.5498124
3.0999978	0.54956
3.1199977	0.54930973
3.1399977	0.54906213
3.1599977	0.54881656
3.1799977	0.54857296
3.1999977	0.54833066
3.2199976	0.5480891
3.2399976	0.54784906
3.2599976	0.54761136
3.2799976	0.5473757
3.2999976	0.5471425
3.3199975	0.54691124
3.3399975	0.54668117
3.3599975	0.5464517
3.3799975	0.5462229
3.3999975	0.5459949
3.4199975	0.5457686
3.4399974	0.5455444
3.4599974	0.545321
3.4799974	0.54509866
3.4999974	0.5448782
3.5199974	0.5446594
3.5399973	0.5444413
3.5599973	0.5442242
3.5799973	0.544009
3.5999973	0.543795
3.6199973	0.54358196
3.6399972	0.54337037
3.6599972	0.5431608
3.6799972	0.54295295
3.6999972	0.54274803
3.7199972	0.54254544
3.7399971	0.54234356
3.7599971	0.5421424
3.779997	0.54194236
3.799997	0.5417439
3.819997	0.54154646
3.839997	0.5413502
3.859997	0.5411558
3.879997	0.54096353
3.899997	0.54077244
3.919997	0.5405829
3.939997	0.54039425
3.959997	0.54020715
3.979997	0.5400223
3.999997	0.53983784
4.019997	0.5396527
4.039997	0.5394684
4.059997	0.5392853
4.079997	0.53910273
4.099997	0.5389213
4.119997	0.5387416
4.139997	0.538563
4.159997	0.5383855
4.179997	0.53821
4.199997	0.5380367
4.219997	0.537865
4.239997	0.53769493
4.259997	0.5375258
4.279997	0.537358
4.299997	0.5371915
4.319997	0.5370253
4.339997	0.53685945
4.359997	0.5366944
4.379997	0.53652984
4.3999968	0.5363656
4.4199967	0.5362021
4.4399967	0.5360385
4.4599967	0.53587496
4.4799967	0.5357125
4.4999967	0.53555095
4.5199966	0.5353903
4.5399966	0.5352311
4.5599966	0.53507364
4.5799966	0.53491783
4.5999966	0.5347633
4.6199965	0.5346096
4.6399965	0.53445697
4.6599965	0.5343045
4.6799965	0.53415203
4.6999965	0.53400046
4.7199965	0.53385025
4.7399964	0.5337015
4.7599964	0.533553
4.7799964	0.53340495
4.7999964	0.53325796
4.8199964	0.5331118
4.8399963	0.5329666
4.8599963	0.5328233
4.8799963	0.5326814
4.8999963	0.53254104
4.9199963	0.5324024
4.9399962	0.53226423
4.959996	0.532127
4.979996	0.5319904
4.999996	0.53185433
5.019996	0.5317198
5.039996	0.5315866
5.059996	0.5314541
5.079996	0.5313218
5.099996	0.5311904
5.119996	0.53105927
5.139996	0.5309281
5.159996	0.5307976
5.179996	0.53066725
5.199996	0.53053725
5.219996	0.5304085
5.239996	0.5302813
5.259996	0.53015566
5.279996	0.53003126
5.299996	0.5299083
5.319996	0.5297862
5.339996	0.52966535
5.359996	0.5295462
5.379996	0.5294281
5.399996	0.5293108
5.419996	0.52919483
5.439996	0.5290805
5.4599957	0.5289675
5.4799957	0.52885574
5.4999957	0.52874494
5.5199957	0.52863514
5.5399957	0.52852595
5.5599957	0.52841586
5.5799956	0.5283047
5.5999956	0.5281938
5.6199956	0.52808404
5.6399956	0.52797574
5.6599956	0.5278693
5.6799955	0.5277642
5.6999955	0.52765965
5.7199955	0.52755547
5.7399955	0.5274518
5.7599955	0.52734846
5.7799954	0.5272459
5.7999954	0.527144
5.8199954	0.5270419
5.8399954	0.5269394
5.8599954	0.52683747
5.8799953	0.5267358
5.8999953	0.52663374
5.9199953	0.5265317
5.9399953	0.52643
5.9599953	0.5263294
5.9799953	0.5262298
5.999995	0.52613026
6.019995	0.52603054
6.039995	0.52593154
6.059995	0.5258334
6.079995	0.5257354
6.099995	0.52563757
6.119995	0.5255398
6.139995	0.5254414
6.159995	0.5253438
6.179995	0.525248
6.199995	0.5251528
6.219995	0.5250573
6.239995	0.52496237
6.259995	0.5248677
6.279995	0.52477264
6.299995	0.5246775
6.319995	0.52458286
6.339995	0.5244885
6.359995	0.5243944
6.379995	0.5243008
6.399995	0.52420723
6.419995	0.52411425
6.439995	0.52402234
6.459995	0.5239309
6.479995	0.52383876
6.4999948	0.52374655
6.5199947	0.5236553
6.5399947	0.52356505
6.5599947	0.5234764
6.5799947	0.523389
6.5999947	0.5233023
6.6199946	0.523217
6.6399946	0.5231334
6.6599946	0.523051
6.6799946	0.5229688
6.6999946	0.52288663
6.7199945	0.52280474
6.7399945	0.52272415
6.7599945	0.522644
6.7799945	0.5225647
6.7999945	0.5224866
6.8199944	0.52240866
6.8399944	0.5223317
6.8599944	0.5222559
6.8799944	0.5221807
6.8999944	0.52210605
6.9199944	0.52203196
6.9399943	0.52195966
6.9599943	0.5218888
6.9799943	0.5218189
6.9999943	0.5217501
7.0199943	0.52168304
7.0399942	0.52161753
7.059994	0.52155316
7.079994	0.5214896
7.099994	0.5214268
7.119994	0.5213634
7.139994	0.52129877
7.159994	0.52123463
7.179994	0.52117157
7.199994	0.52110875
7.219994	0.5210461
7.239994	0.5209839
7.259994	0.5209212
7.279994	0.5208595
7.299994	0.5208001
7.319994	0.5207417
7.339994	0.5206834
7.359994	0.52062464
7.379994	0.52056646
7.399994	0.5205102
7.419994	0.5204545
7.439994	0.52039886
7.459994	0.52034426
7.479994	0.52029073
7.499994	0.5202371
7.519994	0.52018416
7.539994	0.5201322
7.5599937	0.5200813
7.5799937	0.5200308
7.5999937	0.519981
7.6199937	0.5199323
7.6399937	0.51988435
7.6599936	0.5198376
7.6799936	0.51979166
7.6999936	0.51974535
7.7199936	0.519698
7.7399936	0.5196507
7.7599936	0.5196047
7.7799935	0.5195598
7.7999935	0.5195152
7.8199935	0.5194708
7.8399935	0.5194268
7.8599935	0.51938283
7.8799934	0.5193375
7.8999934	0.5192914
7.9199934	0.5192456
7.9399934	0.5191994
7.9599934	0.51915234
7.9799933	0.51910526
7.9999933	0.5190584
8.019994	0.51901126
8.039994	0.51896393
8.059995	0.51891696
8.079995	0.5188701
8.099996	0.518824
8.119996	0.5187781
8.139997	0.5187322
8.159997	0.51868623
8.179997	0.5186392
8.199998	0.5185915
8.219998	0.5185437
8.239999	0.51849616
8.259999	0.5184489
8.28	0.5184016
8.3	0.51835525
8.320001	0.5183103
8.340001	0.5182656
8.360002	0.51822066
8.380002	0.5181764
8.4000025	0.5181332
8.420003	0.5180911
8.440003	0.51804906
8.460004	0.5180066
8.480004	0.51796454
8.500005	0.5179237
8.520005	0.5178842
8.540006	0.517845
8.560006	0.5178063
8.580007	0.5177685
8.600007	0.517731
8.6200075	0.51769334
8.640008	0.517655
8.660008	0.51761603
8.680009	0.5175777
8.700009	0.5175401
8.72001	0.5175026
8.74001	0.5174658
8.760011	0.51742864
8.780011	0.5173908
8.800012	0.5173526
8.820012	0.51731503
8.840013	0.5172783
8.860013	0.5172425
8.880013	0.51720786
8.900014	0.51717377
8.920014	0.5171398
8.940015	0.5171076
8.960015	0.5170765
8.980016	0.51704615
9.000016	0.51701653
9.020017	0.5169868
9.040017	0.5169569
9.060018	0.516927
9.080018	0.5168967
9.1000185	0.5168655
9.120019	0.51683336
9.140019	0.51680094
9.16002	0.51676863
9.18002	0.5167366
9.200021	0.51670545
9.220021	0.51667494
9.240022	0.516645
9.260022	0.51661575
9.280023	0.5165864
9.300023	0.51655674
9.320024	0.51652646
9.340024	0.5164963
9.360024	0.5164661
9.380025	0.51643574
9.400025	0.5164051
9.420026	0.51637375
9.440026	0.5163411
9.460027	0.5163069
9.480027	0.51627254
9.500028	0.5162376
9.520028	0.5162019
9.540029	0.5161663
9.560029	0.51613086
9.5800295	0.5160962
9.60003	0.51606154
9.62003	0.5160265
9.640031	0.51599157
9.660031	0.51595664
9.680032	0.51592207
9.700032	0.515888
9.720033	0.51585394
9.740033	0.5158206
9.760034	0.5157882
9.780034	0.51575637
9.8000345	0.515725
9.820035	0.51569355
9.840035	0.51566136
9.860036	0.5156289
9.880036	0.51559675
9.900037	0.51556534
9.920037	0.5155344
9.940038	0.51550436
9.960038	0.5154754
9.980039	0.51544595
10.000039	0.51541555
10.02004	0.5153855
10.04004	0.51535565
10.06004	0.5153265
10.080041	0.51529884
10.100041	0.51527166
10.120042	0.515245
10.140042	0.5152197
10.160043	0.51519525
10.180043	0.51517165
10.200044	0.51514876
10.220044	0.51512617
10.240045	0.5151044
10.260045	0.5150835
10.2800455	0.5150627
10.300046	0.5150408
10.320046	0.5150185
10.340047	0.51499575
10.360047	0.5149723
10.380048	0.5149486
10.400048	0.5149246
10.420049	0.5148992
10.440049	0.51487315
10.46005	0.51484716
10.48005	0.51482075
10.500051	0.51479495
10.520051	0.5147702
10.540051	0.5147462
10.560052	0.514723
10.580052	0.51469994
10.600053	0.5146773
10.620053	0.51465565
10.640054	0.51463467
10.660054	0.5146137
10.680055	0.5145923
10.700055	0.51457095
10.720056	0.5145501
10.740056	0.51452947
10.7600565	0.5145087
10.780057	0.5144875
10.800057	0.5144665
10.820058	0.5144458
10.840058	0.5144249
10.860059	0.51440454
10.880059	0.5143852
10.90006	0.514366
10.92006	0.5143461
10.940061	0.51432604
10.960061	0.51430553
10.980062	0.51428425
11.000062	0.51426286
11.020062	0.5142413
11.040063	0.51421976
11.060063	0.5141978
11.080064	0.51417565
11.100064	0.51415396
11.120065	0.51413244
11.140065	0.5141109
11.160066	0.5140897
11.180066	0.51406825
11.200067	0.514047
11.220067	0.5140264
11.2400675	0.5140058
11.260068	0.51398516
11.280068	0.5139655
11.300069	0.51394624
11.320069	0.5139269
11.34007	0.51390785
11.36007	0.5138893
11.380071	0.5138695
11.400071	0.5138483
11.420072	0.5138269
11.440072	0.513806
11.4600725	0.51378536
11.480073	0.51376534
11.500073	0.5137462
11.520074	0.51372766
11.540074	0.5137087
11.560075	0.5136891
11.580075	0.51366913
11.600076	0.5136492
11.620076	0.5136299
11.640077	0.51361084
11.660077	0.5135914
11.680078	0.51357186
11.700078	0.5135524
11.720078	0.5135338
11.740079	0.5135162
11.760079	0.51349974
11.78008	0.51348263
11.80008	0.5134648
11.820081	0.5134462
11.840081	0.51342666
11.860082	0.51340646
11.880082	0.5133859
11.900083	0.5133651
11.920083	0.5133444
11.9400835	0.51332366
11.960084	0.5133033
11.980084	0.5132842
12.000085	0.51326567
12.020085	0.5132473
12.040086	0.51322854
12.060086	0.51320994
12.080087	0.5131926
12.100087	0.51317513
12.120088	0.51315737
12.140088	0.5131397
12.160089	0.5131223
12.180089	0.51310444
12.200089	0.51308644
12.22009	0.51306856
12.24009	0.5130508
12.260091	0.5130326
12.280091	0.51301396
12.300092	0.5129956
12.320092	0.512977
12.340093	0.5129584
12.360093	0.51294076
12.380094	0.5129243
12.400094	0.5129085
12.4200945	0.5128923
12.440095	0.5128758
12.460095	0.51285994
12.480096	0.5128438
12.500096	0.5128273
12.520097	0.5128114
12.540097	0.51279545
12.560098	0.5127788
12.580098	0.51276183
12.600099	0.51274496
12.620099	0.5127283
12.6401	0.5127121
12.6601	0.51269627
12.6801	0.51267993
12.700101	0.5126635
12.720101	0.51264656
12.740102	0.51262987
12.760102	0.51261413
12.780103	0.51259816
12.800103	0.5125817
12.820104	0.51256496
12.840104	0.51254785
12.860105	0.51253045
12.880105	0.51251286
12.900105	0.51249504
12.920106	0.5124769
12.940106	0.5124587
12.960107	0.51244086
12.980107	0.51242363
13.000108	0.5124073
13.020108	0.5123919
13.040109	0.51237714
13.060109	0.5123632
13.08011	0.51234967
13.10011	0.51233715
13.1201105	0.5123262
13.140111	0.51231515
13.160111	0.5123043
13.180112	0.51229405
13.200112	0.5122834
13.220113	0.5122725
13.240113	0.51226205
13.260114	0.51225257
13.280114	0.51224375
13.300115	0.5122348
13.320115	0.51222485
13.340116	0.51221466
13.360116	0.51220423
13.380116	0.5121932
13.400117	0.5121821
13.420117	0.5121711
13.440118	0.5121603
13.460118	0.51214933
13.480119	0.51213753
13.500119	0.51212585
13.52012	0.5121141
13.54012	0.512102
13.560121	0.51208967
13.580121	0.5120771
13.6001215	0.5120649
13.620122	0.5120536
13.640122	0.5120427
13.660123	0.51203185
13.680123	0.5120199
13.700124	0.5120067
13.720124	0.5119935
13.740125	0.51198065
13.760125	0.5119676
13.780126	0.5119541
13.800126	0.51194036
13.820127	0.51192683
13.840127	0.51191396
13.860127	0.5119011
13.880128	0.5118885
13.900128	0.511877
13.920129	0.51186657
13.940129	0.51185626
13.96013	0.51184547
13.98013	0.5118339
14.000131	0.5118214
14.020131	0.5118084
14.040132	0.5117961
14.060132	0.5117843
14.0801325	0.5117718
14.100133	0.51175857
14.120133	0.51174533
14.140134	0.511732
14.160134	0.51171935
14.180135	0.5117072
14.200135	0.5116955
14.220136	0.5116839
14.240136	0.5116718
14.260137	0.5116594
14.280137	0.511647
14.3001375	0.5116348
14.320138	0.5116225
14.340138	0.51160944
14.360139	0.5115956
14.380139	0.51158166
14.40014	0.5115676
14.42014	0.5115538
14.440141	0.5115408
14.460141	0.5115282
14.480142	0.51151586
14.500142	0.51150465
14.520143	0.5114949
14.540143	0.5114856
14.560143	0.51147544
14.580144	0.51146424
14.600144	0.5114528
14.620145	0.5114417
14.640145	0.51143134
14.660146	0.5114216
14.680146	0.511412
14.700147	0.51140296
14.720147	0.5113952
14.740148	0.51138794
14.760148	0.5113802
14.7801485	0.51137197
14.800149	0.51136357
14.820149	0.5113555
14.84015	0.5113474
14.86015	0.5113393
14.880151	0.51133114
14.900151	0.511323
14.920152	0.51131535
14.940152	0.51130754
14.960153	0.5112987
14.980153	0.5112893
15.000154	0.51128006
15.020154	0.51127124
15.040154	0.5112627
15.060155	0.51125443
15.080155	0.5112468
15.100156	0.5112399
15.120156	0.5112332
15.140157	0.5112269
15.160157	0.5112206
15.180158	0.51121366
15.200158	0.5112066
15.220159	0.51120025
15.240159	0.5111946
15.2601595	0.5111891
15.28016	0.5111835
15.30016	0.5111787
15.320161	0.51117456
15.340161	0.51117104
15.360162	0.51116765
15.380162	0.51116407
15.400163	0.5111604
15.420163	0.51115644
15.440164	0.5111525
15.460164	0.51114875
15.480165	0.51114523
15.500165	0.51114154
15.520165	0.511137
15.540166	0.51113147
15.560166	0.51112515
15.580167	0.5111185
15.600167	0.5111116
15.620168	0.5111049
15.640168	0.5110992
15.660169	0.5110936
15.680169	0.5110875
15.70017	0.51108086
15.72017	0.51107395
15.7401705	0.5110678
15.760171	0.51106215
15.780171	0.51105654
15.800172	0.511051
15.820172	0.51104534
15.840173	0.51104015
15.860173	0.5110353
15.880174	0.51103044
15.900174	0.5110256
15.920175	0.5110205
15.940175	0.5110146
15.9601755	0.51100874
15.980176	0.51100254
16.000175	0.510995
16.020176	0.51098746
16.040176	0.5109804
16.060177	0.51097363
16.080177	0.5109674
16.100178	0.51096153
16.120178	0.51095605
16.140179	0.51095045
16.16018	0.5109437
16.18018	0.51093644
16.20018	0.51092875
16.22018	0.5109196
16.240181	0.51090944
16.260181	0.5108988
16.280182	0.51088846
16.300182	0.5108794
16.320183	0.51087034
16.340183	0.5108607
16.360184	0.51085097
16.380184	0.5108418
16.400185	0.51083326
16.420185	0.5108244
16.440186	0.51081526
16.460186	0.51080656
16.480186	0.51079816
16.500187	0.5107895
16.520187	0.5107815
16.540188	0.51077425
16.560188	0.5107666
16.580189	0.51075876
16.60019	0.5107509
16.62019	0.51074314
16.64019	0.51073486
16.66019	0.5107261
16.680191	0.51071703
16.700191	0.51070803
16.720192	0.5106986
16.740192	0.510689
16.760193	0.51068
16.780193	0.51067173
16.800194	0.5106641
16.820194	0.5106565
16.840195	0.51064944
16.860195	0.5106426
16.880196	0.51063526
16.900196	0.5106281
16.920197	0.5106212
16.940197	0.5106143
16.960197	0.5106075
16.980198	0.5106007
17.000198	0.510594
17.020199	0.51058686
17.0402	0.5105801
17.0602	0.51057464
17.0802	0.5105692
17.1002	0.5105624
17.120201	0.5105553
17.140202	0.51054895
17.160202	0.51054275
17.180202	0.51053643
17.200203	0.5105305
17.220203	0.5105239
17.240204	0.51051635
17.260204	0.5105082
17.280205	0.51049906
17.300205	0.5104896
17.320206	0.5104802
17.340206	0.51047015
17.360207	0.51046
17.380207	0.5104512
17.400208	0.5104432
17.420208	0.51043534
17.440208	0.5104277
17.460209	0.5104201
17.48021	0.5104128
17.50021	0.5104057
17.52021	0.5103991
17.54021	0.5103937
17.560211	0.51038873
17.580212	0.51038414
17.600212	0.51037955
17.620213	0.5103748
17.640213	0.5103703
17.660213	0.5103664
17.680214	0.5103634
17.700214	0.5103605
17.720215	0.51035726
17.740215	0.510355
17.760216	0.5103539
17.780216	0.5103533
17.800217	0.510352
17.820217	0.5103495
17.840218	0.51034635
17.860218	0.5103437
17.880219	0.5103402
17.900219	0.5103367
17.92022	0.5103332
17.94022	0.5103292
17.96022	0.5103245
17.98022	0.5103192
18.000221	0.510314
18.020222	0.5103093
18.040222	0.51030487
18.060223	0.51030153
18.080223	0.5102992
18.100224	0.5102967
18.120224	0.51029384
18.140224	0.5102909
18.160225	0.51028764
18.180225	0.5102845
18.200226	0.5102819
18.220226	0.5102792
18.240227	0.51027614
18.260227	0.51027346
18.280228	0.5102711
18.300228	0.5102689
18.320229	0.5102662
18.340229	0.5102625
18.36023	0.5102587
18.38023	0.51025546
18.40023	0.51025313
18.42023	0.5102516
18.440231	0.5102494
18.460232	0.51024693
18.480232	0.5102453
18.500233	0.5102429
18.520233	0.510238
18.540234	0.510232
18.560234	0.51022595
18.580235	0.51022005
18.600235	0.5102137
18.620235	0.5102067
18.640236	0.5102002
18.660236	0.51019466
18.680237	0.5101896
18.700237	0.51018405
18.720238	0.5101782
18.740238	0.5101725
18.760239	0.51016575
18.78024	0.5101583
18.80024	0.51015043
18.82024	0.51014245
18.84024	0.5101342
18.86024	0.510126
18.880241	0.5101179
18.900242	0.51011074
18.920242	0.51010525
18.940243	0.5101002
18.960243	0.51009464
18.980244	0.51008856
19.000244	0.5100822
19.020245	0.5100751
19.040245	0.510067
19.060246	0.5100589
19.080246	0.5100518
19.100246	0.5100459
19.120247	0.51004004
19.140247	0.51003444
19.160248	0.51002896
19.180248	0.51002395
19.200249	0.5100193
19.22025	0.51001537
19.24025	0.5100126
19.26025	0.5100109
19.28025	0.51000977
19.300251	0.51000893
19.320251	0.51000845
19.340252	0.51000726
19.360252	0.51000595
19.380253	0.5100046
19.400253	0.51000184
19.420254	0.5099983
19.440254	0.50999576
19.460255	0.50999403
19.480255	0.5099922
19.500256	0.50998986
19.520256	0.50998735
19.540257	0.5099851
19.560257	0.50998294
19.580257	0.50998175
19.600258	0.50998104
19.620258	0.50997937
19.640259	0.5099771
19.66026	0.50997436
19.68026	0.5099716
19.70026	0.5099691
19.72026	0.509967
19.740261	0.50996506
19.760262	0.5099631
19.780262	0.5099612
19.800262	0.509959
19.820263	0.5099565
19.840263	0.5099529
19.860264	0.50994885
19.880264	0.5099453
19.900265	0.5099416
19.920265	0.509938
19.940266	0.5099354
19.960266	0.50993305
19.980267	0.5099311
20.000267	0.50993013
20.020267	0.5099288
20.040268	0.50992703
20.060268	0.50992477
20.080269	0.509923
20.10027	0.50992155
20.12027	0.5099214
20.14027	0.5099224
20.16027	0.5099231
20.180271	0.5099237
20.200272	0.50992364
20.220272	0.50992346
20.240273	0.509923
20.260273	0.5099219
20.280273	0.5099202
20.300274	0.509918
20.320274	0.5099156
20.340275	0.50991344
20.360275	0.50991154
20.380276	0.50991
20.400276	0.50990903
20.420277	0.50990856
20.440277	0.5099075
20.460278	0.509905
20.480278	0.5099013
20.500278	0.5098974
20.520279	0.50989485
20.54028	0.5098938
20.56028	0.50989354
20.58028	0.5098934
20.60028	0.509893
20.620281	0.50989246
20.640282	0.5098912
20.660282	0.50988895
20.680283	0.50988686
20.700283	0.509886
20.720284	0.50988615
20.740284	0.5098864
20.760284	0.509886
20.780285	0.50988495
20.800285	0.50988317
20.820286	0.50988114
20.840286	0.5098791
20.860287	0.50987715
20.880287	0.5098754
20.900288	0.5098741
20.920288	0.5098728
20.940289	0.5098721
20.960289	0.5098715
20.98029	0.50987154
21.00029	0.5098718
21.02029	0.5098721
21.04029	0.5098731
21.060291	0.50987446
21.080292	0.50987566
21.100292	0.50987697
21.120293	0.509878
21.140293	0.5098785
21.160294	0.5098786
21.180294	0.5098778
21.200294	0.50987613
21.220295	0.50987405
21.240295	0.5098721
21.260296	0.50986993
21.280296	0.5098674
21.300297	0.50986546
21.320297	0.5098645
21.340298	0.5098643
21.360298	0.5098642
21.380299	0.50986314
21.4003	0.5098613
21.4203	0.50985956
21.4403	0.5098573
21.4603	0.509854
21.4803	0.5098507
21.500301	0.50984883
21.520302	0.5098473
21.540302	0.509845
21.560303	0.5098417
21.580303	0.50983727
21.600304	0.5098324
21.620304	0.5098279
21.640305	0.5098241
21.660305	0.50982094
21.680305	0.5098187
21.700306	0.5098168
21.720306	0.5098156
21.740307	0.5098145
21.760307	0.50981295
21.780308	0.50981015
21.800308	0.50980735
21.820309	0.5098052
21.84031	0.50980353
21.86031	0.5098021
21.88031	0.50980115
21.90031	0.50980043
21.920311	0.50979906
21.940311	0.50979805
21.960312	0.5097985
21.980312	0.5097997
22.000313	0.50980085
22.020313	0.50980246
22.040314	0.5098045
22.060314	0.5098071
22.080315	0.5098111
22.100315	0.5098158
22.120316	0.50982064
22.140316	0.50982594
22.160316	0.50983095
22.180317	0.5098348
22.200317	0.50983876
22.220318	0.5098421
22.240318	0.50984424
22.260319	0.5098465
22.28032	0.50984895
22.30032	0.50985044
22.32032	0.50985134
22.34032	0.50985354
22.360321	0.5098567
22.380322	0.5098608
22.400322	0.5098643
22.420322	0.5098658
22.440323	0.5098666
22.460323	0.50986755
22.480324	0.50986826
22.500324	0.50986844
22.520325	0.5098685
22.540325	0.50986844
22.560326	0.5098683
22.580326	0.50986755
22.600327	0.5098663
22.620327	0.5098647
22.640327	0.5098621
22.660328	0.50986004
22.680328	0.5098591
22.700329	0.50985813
22.72033	0.5098578
22.74033	0.50985825
22.76033	0.5098589
22.78033	0.50986
22.800331	0.50986123
22.820332	0.5098628
22.840332	0.50986433
22.860332	0.50986624
22.880333	0.50986844
22.900333	0.50987005
22.920334	0.50987065
22.940334	0.50987166
22.960335	0.5098736
22.980335	0.50987524
23.000336	0.50987595
23.020336	0.5098767
23.040337	0.50987744
23.060337	0.50987786
23.080338	0.50987875
23.100338	0.5098803
23.120338	0.50988245
23.140339	0.50988555
23.16034	0.50988865
23.18034	0.50989103
23.20034	0.5098927
23.22034	0.50989425
23.240341	0.5098967
23.260342	0.5099
23.280342	0.509902
23.300343	0.509903
23.320343	0.50990474
23.340343	0.50990695
23.360344	0.50990874
23.380344	0.50991094
23.400345	0.50991344
23.420345	0.5099157
23.440346	0.50991726
23.460346	0.5099187
23.480347	0.50991917
23.500347	0.5099192
23.520348	0.50992113
23.540348	0.5099237
23.560349	0.5099268
23.580349	0.50993013
23.60035	0.5099328
23.62035	0.5099358
23.64035	0.5099387
23.66035	0.5099411
23.680351	0.50994295
23.700352	0.5099445
23.720352	0.509946
23.740353	0.50994766
23.760353	0.5099492
23.780354	0.5099503
23.800354	0.5099512
23.820354	0.50995237
23.840355	0.5099547
23.860355	0.50995827
23.880356	0.50996286
23.900356	0.5099679
23.920357	0.509973
23.940357	0.50997806
23.960358	0.5099827
23.980358	0.5099869
24.000359	0.5099908
24.020359	0.50999415
24.04036	0.5099966
24.06036	0.50999856
24.08036	0.5100001
24.10036	0.5100013
24.120361	0.5100018
24.140362	0.510002
24.160362	0.51000285
24.180363	0.510003
24.200363	0.5100034
24.220364	0.5100043
24.240364	0.510005
24.260365	0.5100056
24.280365	0.5100061
24.300365	0.510008
24.320366	0.5100108
24.340366	0.510013
24.360367	0.51001406
24.380367	0.5100141
24.400368	0.51001436
24.420368	0.5100149
24.440369	0.51001585
24.46037	0.5100167
24.48037	0.5100176
24.50037	0.51001847
24.52037	0.5100186
24.54037	0.51001775
24.560371	0.5100168
24.580372	0.5100163
24.600372	0.5100158
24.620373	0.5100148
24.640373	0.5100136
24.660374	0.5100125
24.680374	0.5100113
24.700375	0.51001036
24.720375	0.5100101
24.740376	0.5100111
24.760376	0.51001275
24.780376	0.5100142
24.800377	0.51001495
24.820377	0.51001537
24.840378	0.5100157
24.860378	0.51001716
24.880379	0.5100194
24.90038	0.5100211
24.92038	0.5100224
24.94038	0.5100235
24.96038	0.5100249
24.980381	0.5100263
25.000381	0.51002735
25.020382	0.5100289
25.040382	0.51003104
25.060383	0.5100328
25.080383	0.51003474
25.100384	0.51003754
25.120384	0.51004106
25.140385	0.51004493
25.160385	0.5100475
25.180386	0.5100496
25.200386	0.51005113
25.220387	0.51005197
25.240387	0.5100533
25.260387	0.5100552
25.280388	0.51005745
25.300388	0.51005983
25.320389	0.51006234
25.34039	0.51006544
25.36039	0.51006925
25.38039	0.51007265
25.40039	0.51007617
25.420391	0.51007974
25.440392	0.51008165
25.460392	0.510082
25.480392	0.5100819
25.500393	0.5100817
25.520393	0.5100806
25.540394	0.51007795
25.560394	0.51007324
25.580395	0.5100679
25.600395	0.5100632
25.620396	0.5100589
25.640396	0.5100547
25.660397	0.5100512
25.680397	0.51004803
25.700397	0.5100446
25.720398	0.5100411
25.740398	0.5100379
25.760399	0.5100348
25.7804	0.5100316
25.8004	0.5100287
25.8204	0.5100267
25.8404	0.51002485
25.860401	0.5100231
25.880402	0.51002073
25.900402	0.510017
25.920403	0.51001346
25.940403	0.5100099
25.960403	0.510005
25.980404	0.50999993
26.000404	0.509995
26.020405	0.50999033
26.040405	0.50998694
26.060406	0.50998414
26.080406	0.5099818
26.100407	0.50997984
26.120407	0.50997746
26.140408	0.5099756
26.160408	0.5099751
26.180408	0.5099747
26.200409	0.5099743
26.22041	0.5099744
26.24041	0.5099746
26.26041	0.50997555
26.28041	0.50997686
26.300411	0.5099784
26.320412	0.50997996
26.340412	0.50998086
26.360413	0.50998145
26.380413	0.5099822
26.400414	0.5099827
26.420414	0.50998276
26.440414	0.50998247
26.460415	0.5099814
26.480415	0.50997937
26.500416	0.50997645
26.520416	0.5099719
26.540417	0.5099663
26.560417	0.50996083
26.580418	0.5099556
26.600418	0.509951
26.620419	0.5099479
26.640419	0.509946
26.66042	0.5099442
26.68042	0.50994205
26.70042	0.5099406
26.72042	0.5099399
26.740421	0.50993955
26.760422	0.5099399
26.780422	0.5099405
26.800423	0.5099418
26.820423	0.5099436
26.840424	0.5099443
26.860424	0.50994474
26.880424	0.50994575
26.900425	0.5099469
26.920425	0.5099478
26.940426	0.5099485
26.960426	0.5099493
26.980427	0.50995046
27.000427	0.5099515
27.020428	0.5099523
27.040428	0.509953
27.060429	0.5099535
27.08043	0.5099538
27.10043	0.5099541
27.12043	0.50995564
27.14043	0.50995755
27.16043	0.50995904
27.180431	0.50996083
27.200432	0.5099627
27.220432	0.50996435
27.240433	0.5099659
27.260433	0.50996655
27.280434	0.5099664
27.300434	0.5099665
27.320435	0.50996643
27.340435	0.5099664
27.360435	0.5099668
27.380436	0.50996804
27.400436	0.50996935
27.420437	0.5099695
27.440437	0.50996864
27.460438	0.50996715
27.480438	0.50996524
27.500439	0.5099636
27.52044	0.50996226
27.54044	0.5099603
27.56044	0.50995743
27.58044	0.5099549
27.600441	0.50995314
27.620441	0.5099509
27.640442	0.5099484
27.660442	0.5099455
27.680443	0.5099422
27.700443	0.50993884
27.720444	0.509936
27.740444	0.50993395
27.760445	0.5099324
27.780445	0.5099308
27.800446	0.5099284
27.820446	0.5099261
27.840446	0.50992405
27.860447	0.50992197
27.880447	0.50992036
27.900448	0.50991976
27.920448	0.5099199
27.940449	0.50992095
27.96045	0.50992274
27.98045	0.5099244
28.00045	0.5099252
28.02045	0.50992537
28.040451	0.50992507
28.060452	0.50992453
28.080452	0.5099243
28.100452	0.50992423
28.120453	0.5099243
28.140453	0.5099242
28.160454	0.5099231
28.180454	0.5099211
28.200455	0.5099184
28.220455	0.5099149
28.240456	0.50991035
28.260456	0.5099057
28.280457	0.50990117
28.300457	0.509897
28.320457	0.5098928
28.340458	0.5098876
28.360458	0.50988275
28.380459	0.5098794
28.40046	0.5098777
28.42046	0.5098769
28.44046	0.50987655
28.46046	0.509877
28.480461	0.50987816
28.500462	0.50987947
28.520462	0.5098804
28.540462	0.50988114
28.560463	0.50988185
28.580463	0.5098827
28.600464	0.5098839
28.620464	0.50988555
28.640465	0.50988686
28.660465	0.50988877
28.680466	0.50989103
28.700466	0.5098929
28.720467	0.5098947
28.740467	0.50989616
28.760468	0.5098975
28.780468	0.5098987
28.800468	0.50989956
28.820469	0.5099003
28.84047	0.50990146
28.86047	0.5099027
28.88047	0.509904
28.90047	0.5099061
28.920471	0.5099089
28.940472	0.5099119
28.960472	0.50991476
28.980473	0.5099174
29.000473	0.5099207
29.020473	0.5099255
29.040474	0.50993073
29.060474	0.5099366
29.080475	0.5099431
29.100475	0.5099504
29.120476	0.50995815
29.140476	0.50996506
29.160477	0.5099715
29.180477	0.5099772
29.200478	0.50998306
29.220478	0.50998914
29.240479	0.5099951
29.260479	0.51000035
29.28048	0.51000404
29.30048	0.5100069
29.32048	0.5100086
29.34048	0.51000905
29.360481	0.51000917
29.380482	0.51001
29.400482	0.51001173
29.420483	0.5100142
29.440483	0.5100173
29.460484	0.5100204
29.480484	0.51002294
29.500484	0.5100251
29.520485	0.51002765
29.540485	0.51003104
29.560486	0.5100347
29.580486	0.5100374
29.600487	0.5100391
29.620487	0.5100412
29.640488	0.51004314
29.660488	0.5100445
29.680489	0.51004624
29.700489	0.51004875
29.72049	0.5100522
29.74049	0.5100555
29.76049	0.5100589
29.78049	0.5100632
29.800491	0.51006675
29.820492	0.5100693
29.840492	0.5100719
29.860493	0.5100744
29.880493	0.5100764
29.900494	0.51007813
29.920494	0.5100798
29.940495	0.51008093
29.960495	0.5100818
29.980495	0.5100832
30.000496	0.51008534
30.020496	0.51008767
30.040497	0.5100901
30.060497	0.51009303
30.080498	0.51009697
30.100498	0.51010144
30.120499	0.5101057
30.1405	0.51011074
30.1605	0.51011705
30.1805	0.51012385
30.2005	0.51013017
30.2205	0.510135
30.240501	0.51013905
30.260502	0.5101427
30.280502	0.51014596
30.300503	0.5101497
30.320503	0.51015407
30.340504	0.5101586
30.360504	0.51016295
30.380505	0.5101667
30.400505	0.51016957
30.420506	0.5101715
30.440506	0.5101733
30.460506	0.51017475
30.480507	0.5101754
30.500507	0.5101756
30.520508	0.510176
30.540508	0.51017684
30.560509	0.5101777
30.58051	0.51017827
30.60051	0.51017827
30.62051	0.51017857
30.64051	0.5101803
30.660511	0.5101831
30.680511	0.5101857
30.700512	0.510188
30.720512	0.5101899
30.740513	0.5101922
30.760513	0.51019526
30.780514	0.51019824
30.800514	0.5102016
30.820515	0.5102054
30.840515	0.51020914
30.860516	0.5102122
30.880516	0.5102151
30.900517	0.5102185
30.920517	0.51022124
30.940517	0.5102237
30.960518	0.5102258
30.980518	0.51022685
31.000519	0.51022774
31.02052	0.5102287
31.04052	0.51022965
31.06052	0.5102301
31.08052	0.51023006
31.100521	0.5102292
31.120522	0.5102271
31.140522	0.5102239
31.160522	0.51022
31.180523	0.5102159
31.200523	0.5102123
31.220524	0.51020885
31.240524	0.51020557
31.260525	0.5102028
31.280525	0.5102
31.300526	0.51019716
31.320526	0.51019466
31.340527	0.510192
31.360527	0.5101888
31.380527	0.5101856
31.400528	0.51018244
31.420528	0.5101795
31.440529	0.510176
31.46053	0.5101719
31.48053	0.51016843
31.50053	0.51016617
31.52053	0.51016414
31.540531	0.5101613
31.560532	0.5101578
31.580532	0.5101536
31.600533	0.5101488
31.620533	0.51014453
31.640533	0.51014036
31.660534	0.5101367
31.680534	0.51013374
31.700535	0.5101317
31.720535	0.51013005
31.740536	0.5101278
31.760536	0.5101255
31.780537	0.5101224
31.800537	0.5101175
31.820538	0.51011187
31.840538	0.5101064
31.860538	0.51010203
31.880539	0.51009893
31.90054	0.51009613
31.92054	0.5100932
31.94054	0.5100905
31.96054	0.51008844
31.980541	0.51008725
32.00054	0.5100861
32.020542	0.5100845
32.040543	0.5100823
32.060543	0.5100796
32.080544	0.5100767
32.100544	0.5100744
32.120544	0.5100732
32.140545	0.51007324
32.160545	0.51007426
32.180546	0.51007587
32.200546	0.5100791
32.220547	0.51008284
32.240547	0.5100863
32.260548	0.5100894
32.28055	0.5100925
32.30055	0.51009667
32.32055	0.51010096
32.34055	0.51010484
32.36055	0.51010805
32.38055	0.5101098
32.40055	0.5101109
32.42055	0.51011145
32.44055	0.5101118
32.460552	0.5101131
32.480553	0.5101137
32.500553	0.5101129
32.520554	0.51011187
32.540554	0.510111
32.560555	0.5101095
32.580555	0.5101085
32.600555	0.510108
32.620556	0.5101075
32.640556	0.5101068
32.660557	0.5101066
32.680557	0.5101065
32.700558	0.5101062
32.72056	0.5101064
32.74056	0.5101072
32.76056	0.5101083
32.78056	0.5101088
32.80056	0.51010936
32.82056	0.51011086
32.84056	0.5101129
32.86056	0.51011485
32.88056	0.51011634
32.900562	0.51011693
32.920563	0.51011753
32.940563	0.5101182
32.960564	0.5101189
32.980564	0.5101211
33.000565	0.5101236
33.020565	0.510126
33.040565	0.5101285
33.060566	0.5101308
33.080566	0.510134
33.100567	0.5101371
33.120567	0.5101392
33.140568	0.5101416
33.16057	0.5101439
33.18057	0.51014596
33.20057	0.51014864
33.22057	0.5101517
33.24057	0.5101547
33.26057	0.5101582
33.28057	0.5101617
33.30057	0.5101651
33.32057	0.51016843
33.340572	0.51017165
33.360573	0.51017493
33.380573	0.5101775
33.400574	0.51018
33.420574	0.5101831
33.440575	0.51018596
33.460575	0.5101886
33.480576	0.5101919
33.500576	0.5101956
33.520576	0.51019895
33.540577	0.5102018
33.560577	0.51020336
33.580578	0.5102037
33.60058	0.51020384
33.62058	0.51020443
33.64058	0.5102049
33.66058	0.51020527
33.68058	0.5102058
33.70058	0.5102068
33.72058	0.51020795
33.74058	0.5102081
33.760582	0.51020753
33.780582	0.51020694
33.800583	0.51020604
33.820583	0.5102049
33.840584	0.51020306
33.860584	0.5102002
33.880585	0.51019764
33.900585	0.5101953
33.920586	0.5101927
33.940586	0.51019007
33.960587	0.5101884
33.980587	0.5101868
34.000587	0.5101844
34.020588	0.51018226
34.04059	0.5101807
34.06059	0.51018053
34.08059	0.51018167
34.10059	0.5101823
34.12059	0.51018214
34.14059	0.51018095
34.16059	0.51017916
34.18059	0.5101769
34.200592	0.5101744
34.220592	0.5101721
34.240593	0.5101703
34.260593	0.51016897
34.280594	0.5101672
34.300594	0.5101651
34.320595	0.5101635
34.340595	0.51016235
34.360596	0.51016164
34.380596	0.5101609
34.400597	0.51015973
34.420597	0.5101582
34.440598	0.5101567
34.460598	0.51015526
34.4806	0.51015353
34.5006	0.51015186
34.5206	0.5101508
34.5406	0.5101501
34.5606	0.51014936
34.5806	0.5101483
34.6006	0.5101472
34.6206	0.51014614
34.640602	0.5101452
34.660603	0.51014453
34.680603	0.5101429
34.700603	0.5101402
34.720604	0.510138
34.740604	0.51013684
34.760605	0.51013637
34.780605	0.51013637
34.800606	0.51013577
34.820606	0.5101344
34.840607	0.51013255
34.860607	0.5101311
34.880608	0.51013005
34.900608	0.5101291
34.92061	0.510129
34.94061	0.51013017
34.96061	0.5101321
34.98061	0.5101346
35.00061	0.510137
35.02061	0.51013994
35.04061	0.5101437
35.06061	0.5101471
35.080612	0.51015043
35.100613	0.5101548
35.120613	0.5101599
35.140614	0.51016426
35.160614	0.51016724
35.180614	0.5101696
35.200615	0.51017225
35.220615	0.51017493
35.240616	0.51017773
35.260616	0.51018107
35.280617	0.51018393
35.300617	0.51018596
35.320618	0.5101874
35.34062	0.51018786
35.36062	0.5101886
35.38062	0.5101901
35.40062	0.51019126
35.42062	0.51019204
35.44062	0.5101936
35.46062	0.51019585
35.48062	0.5101979
35.50062	0.5101985
35.520622	0.510198
35.540623	0.5101979
35.560623	0.51019835
35.580624	0.5101992
35.600624	0.5101993
35.620625	0.51019883
35.640625	0.51019907
35.660625	0.51019955
35.680626	0.51019984
35.700626	0.51019996
35.720627	0.51019996
35.740627	0.5101995
35.760628	0.51019883
35.78063	0.5101981
35.80063	0.51019746
35.82063	0.51019704
35.84063	0.51019645
35.86063	0.5101958
35.88063	0.5101946
35.90063	0.510193
35.92063	0.5101923
35.94063	0.5101923
35.960632	0.5101923
35.980633	0.51019245
36.000633	0.51019394
36.020634	0.51019686
36.040634	0.5102005
36.060635	0.51020455
36.080635	0.5102085
36.100636	0.5102116
36.120636	0.5102141
36.140636	0.51021755
36.160637	0.51022184
36.180637	0.51022595
36.200638	0.51023
36.22064	0.5102339
36.24064	0.5102366
36.26064	0.51023775
36.28064	0.51023793
36.30064	0.51023746
36.32064	0.51023656
36.34064	0.51023483
36.36064	0.51023227
36.380642	0.5102296
36.400642	0.5102272
36.420643	0.510224
36.440643	0.5102203
36.460644	0.5102173
36.480644	0.51021504
36.500645	0.51021314
36.520645	0.5102109
36.540646	0.5102089
36.560646	0.5102073
36.580647	0.51020545
36.600647	0.5102037
36.620647	0.5102017
36.640648	0.51019907
36.66065	0.51019645
36.68065	0.5101948
36.70065	0.5101939
36.72065	0.51019275
36.74065	0.5101902
36.76065	0.5101876
36.78065	0.51018655
36.80065	0.5101851
36.820652	0.510183
36.840652	0.51018053
36.860653	0.5101782
36.880653	0.51017636
36.900654	0.5101744
36.920654	0.5101718
36.940655	0.51016897
36.960655	0.51016617
36.980656	0.51016337
37.000656	0.51016045
37.020657	0.51015776
37.040657	0.5101563
37.060658	0.5101557
37.080658	0.51015455
37.10066	0.510153
37.12066	0.5101515
37.14066	0.51014936
37.16066	0.5101459
37.18066	0.51014274
37.20066	0.5101404
37.22066	0.5101379
37.24066	0.51013416
37.260662	0.51012945
37.280663	0.5101243
37.300663	0.51011807
37.320663	0.5101109
37.340664	0.510104
37.360664	0.5100981
37.380665	0.5100932
37.400665	0.5100888
37.420666	0.5100839
37.440666	0.5100788
37.460667	0.51007426
37.480667	0.51006985
37.500668	0.5100651
37.520668	0.5100608
37.54067	0.51005584
37.56067	0.51004964
37.58067	0.5100438
37.60067	0.510038
37.62067	0.51003194
37.64067	0.51002645
37.66067	0.5100217
37.68067	0.51001716
37.700672	0.510013
37.720673	0.51000834
37.740673	0.5100031
37.760674	0.50999755
37.780674	0.5099915
37.800674	0.50998545
37.820675	0.5099797
37.840675	0.50997484
37.860676	0.5099709
37.880676	0.5099673
37.900677	0.50996363
37.920677	0.50996006
37.940678	0.50995743
37.96068	0.50995517
37.98068	0.5099525
38.00068	0.50994986
38.02068	0.5099473
38.04068	0.5099445
38.06068	0.50994146
38.08068	0.5099386
38.10068	0.50993717
38.12068	0.50993663
38.140682	0.50993466
38.160683	0.50993145
38.180683	0.5099284
38.200684	0.5099261
38.220684	0.509925
38.240685	0.50992465
38.260685	0.5099245
38.280685	0.50992393
38.300686	0.509923
38.320686	0.50992125
38.340687	0.509919
38.360687	0.50991726
38.380688	0.50991607
38.40069	0.50991505
38.42069	0.50991476
38.44069	0.5099146
38.46069	0.509914
38.48069	0.5099139
38.50069	0.5099135
38.52069	0.5099125
38.54069	0.5099116
38.56069	0.5099107
38.580692	0.5099093
38.600693	0.5099084
38.620693	0.50990903
38.640694	0.50990975
38.660694	0.50991046
38.680695	0.50991184
38.700695	0.5099136
38.720695	0.50991607
38.740696	0.5099192
38.760696	0.5099219
38.780697	0.5099241
38.800697	0.50992644
38.820698	0.5099285
38.8407	0.50993025
38.8607	0.5099321
38.8807	0.50993395
38.9007	0.50993526
38.9207	0.50993645
38.9407	0.5099386
38.9607	0.50994086
38.9807	0.50994265
39.0007	0.5099435
39.020702	0.5099429
39.040703	0.5099422
39.060703	0.50994116
39.080704	0.5099398
39.100704	0.509939
39.120705	0.5099396
39.140705	0.50993997
39.160706	0.509939
39.180706	0.50993717
39.200706	0.509935
39.220707	0.5099321
39.240707	0.509928
39.260708	0.5099233
39.28071	0.50991845
39.30071	0.5099138
39.32071	0.50990915
39.34071	0.5099045
39.36071	0.509899
39.38071	0.50989294
39.40071	0.50988686
39.42071	0.50988084
39.440712	0.5098752
39.460712	0.50987
39.480713	0.50986487
39.500713	0.5098587
39.520714	0.5098525
39.540714	0.5098467
39.560715	0.50984097
39.580715	0.50983554
39.600716	0.5098306
39.620716	0.5098252
39.640717	0.50981975
39.660717	0.50981474
39.680717	0.5098096
39.700718	0.50980437
39.72072	0.5097986
39.74072	0.5097923
39.76072	0.50978637
39.78072	0.50977993
39.80072	0.50977314
39.82072	0.5097667
39.84072	0.50976086
39.86072	0.50975543
39.880722	0.5097506
39.900723	0.5097477
39.920723	0.5097466
39.940723	0.50974596
39.960724	0.5097463
39.980724	0.50974673
40.000725	0.50974643
40.020725	0.50974643
40.040726	0.5097469
40.060726	0.509748
40.080727	0.50974953
40.100727	0.5097505
40.120728	0.5097514
40.140728	0.50975347
40.16073	0.509757
40.18073	0.5097606
40.20073	0.5097636
40.22073	0.5097671
40.24073	0.5097716
40.26073	0.509776
40.28073	0.50978035
40.30073	0.50978506
40.320732	0.5097898
40.340733	0.50979453
40.360733	0.5097987
40.380733	0.509802
40.400734	0.5098058
40.420734	0.50981
40.440735	0.5098134
40.460735	0.509817
40.480736	0.50982034
40.500736	0.50982296
40.520737	0.50982535
40.540737	0.50982773
40.560738	0.5098307
40.580738	0.5098342
40.60074	0.5098369
40.62074	0.509838
40.64074	0.50983775
40.66074	0.509837
40.68074	0.50983596
40.70074	0.50983524
40.72074	0.50983536
40.74074	0.50983596
40.760742	0.50983614
40.780743	0.5098364
40.800743	0.50983644
40.820744	0.5098361
40.840744	0.50983566
40.860744	0.5098354
40.880745	0.5098351
40.900745	0.509835
40.920746	0.50983566
40.940746	0.50983715
40.960747	0.5098392
40.980747	0.5098411
41.000748	0.509842
41.02075	0.50984263
41.04075	0.5098431
41.06075	0.509843
41.08075	0.5098428
41.10075	0.509842
41.12075	0.5098407
41.14075	0.5098402
41.16075	0.5098398
41.18075	0.5098387
41.200752	0.5098381
41.220753	0.5098386
41.240753	0.5098392
41.260754	0.50983995
41.280754	0.50984085
41.300755	0.50984144
41.320755	0.5098418
41.340755	0.509843
41.360756	0.50984514
41.380756	0.50984716
41.400757	0.5098486
41.420757	0.5098496
41.440758	0.509851
41.46076	0.5098531
41.48076	0.50985456
41.50076	0.5098555
41.52076	0.5098573
41.54076	0.5098587
41.56076	0.5098591
41.58076	0.5098595
41.60076	0.50986004
41.62076	0.5098604
41.640762	0.5098606
41.660763	0.50986034
41.680763	0.5098603
41.700764	0.50986147
41.720764	0.50986433
41.740765	0.5098683
41.760765	0.5098728
41.780766	0.5098769
41.800766	0.50988024
41.820766	0.5098829
41.840767	0.5098851
41.860767	0.50988704
41.880768	0.5098892
41.90077	0.50989175
41.92077	0.509895
41.94077	0.5098984
41.96077	0.5099015
41.98077	0.5099053
42.00077	0.50990903
42.02077	0.5099118
42.04077	0.50991386
42.060772	0.50991523
42.080772	0.5099158
42.100773	0.509915
42.120773	0.5099131
42.140774	0.5099107
42.160774	0.5099081
42.180775	0.50990605
42.200775	0.5099049
42.220776	0.5099038
42.240776	0.5099025
42.260777	0.5099015
42.280777	0.5099014
42.300777	0.50990117
42.320778	0.50990045
42.34078	0.50989914
42.36078	0.50989693
42.38078	0.5098938
42.40078	0.50988984
42.42078	0.5098852
42.44078	0.5098802
42.46078	0.5098749
42.48078	0.5098696
42.500782	0.5098645
42.520782	0.50985974
42.540783	0.509855
42.560783	0.5098496
42.580784	0.5098441
42.600784	0.50983894
42.620785	0.50983435
42.640785	0.50983024
42.660786	0.5098264
42.680786	0.50982285
42.700787	0.5098192
42.720787	0.5098152
42.740788	0.5098119
42.760788	0.50980926
42.78079	0.5098072
42.80079	0.50980556
42.82079	0.5098042
42.84079	0.5098038
42.86079	0.5098038
42.88079	0.50980306
42.90079	0.50980157
42.92079	0.5097991
42.940792	0.50979674
42.960793	0.50979537
42.980793	0.50979453
43.000793	0.5097933
43.020794	0.5097915
43.040794	0.50978947
43.060795	0.5097871
43.080795	0.5097846
43.100796	0.50978184
43.120796	0.50977886
43.140797	0.5097761
43.160797	0.50977355
43.180798	0.5097714
43.200798	0.5097697
43.2208	0.5097688
43.2408	0.50976884
43.2608	0.5097691
43.2808	0.50976926
43.3008	0.50977
43.3208	0.50977135
43.3408	0.5097734
43.3608	0.5097756
43.380802	0.5097778
43.400803	0.5097796
43.420803	0.50977993
43.440804	0.50977933
43.460804	0.5097786
43.480804	0.509779
43.500805	0.50977993
43.520805	0.5097806
43.540806	0.50978184
43.560806	0.50978416
43.580807	0.5097858
43.600807	0.5097866
43.620808	0.50978667
43.64081	0.5097855
43.66081	0.5097836
43.68081	0.50978166
43.70081	0.50977933
43.72081	0.50977635
43.74081	0.5097726
43.76081	0.5097688
43.78081	0.5097649
43.80081	0.50976115
43.820812	0.50975764
43.840813	0.50975454
43.860813	0.50975215
43.880814	0.50975025
43.900814	0.5097493
43.920815	0.50974923
43.940815	0.5097491
43.960815	0.50974774
43.980816	0.5097457
44.000816	0.50974536
44.020817	0.5097462
44.040817	0.5097471
44.060818	0.50974745
44.08082	0.50974727
44.10082	0.5097471
44.12082	0.5097467
44.14082	0.50974596
44.16082	0.50974596
44.18082	0.50974685
44.20082	0.5097467
44.22082	0.509746
44.24082	0.5097457
44.260822	0.50974506
44.280823	0.50974464
44.300823	0.50974417
44.320824	0.5097434
44.340824	0.50974226
44.360825	0.50974065
44.380825	0.50973904
44.400826	0.50973725
44.420826	0.50973535
44.440826	0.5097339
44.460827	0.50973296
44.480827	0.50973153
44.500828	0.5097301
44.52083	0.5097286
44.54083	0.50972635
44.56083	0.50972325
44.58083	0.5097198
44.60083	0.5097165
44.62083	0.50971305
44.64083	0.50970984
44.66083	0.50970626
44.680832	0.5097029
44.700832	0.5096995
44.720833	0.50969684
44.740833	0.5096944
44.760834	0.50969046
44.780834	0.50968593
44.800835	0.50968254
44.820835	0.5096803
44.840836	0.50967777
44.860836	0.50967515
44.880836	0.50967324
44.900837	0.5096724
44.920837	0.5096729
44.940838	0.5096742
44.96084	0.5096763
44.98084	0.5096787
45.00084	0.50968033
45.02084	0.5096807
45.04084	0.50968164
45.06084	0.50968385
45.08084	0.5096849
45.10084	0.5096847
45.120842	0.50968343
45.140842	0.5096823
45.160843	0.5096812
45.180843	0.50967944
45.200844	0.5096768
45.220844	0.5096735
45.240845	0.5096704
45.260845	0.5096678
45.280846	0.50966465
45.300846	0.50966036
45.320847	0.5096555
45.340847	0.50965106
45.360847	0.5096477
45.380848	0.5096444
45.40085	0.5096406
45.42085	0.5096372
45.44085	0.50963354
45.46085	0.5096303
45.48085	0.5096278
45.50085	0.5096247
45.52085	0.50962126
45.54085	0.50961816
45.560852	0.5096147
45.580853	0.5096102
45.600853	0.5096057
45.620853	0.5096017
45.640854	0.5095984
45.660854	0.50959545
45.680855	0.5095925
45.700855	0.50959
45.720856	0.5095874
45.740856	0.5095845
45.760857	0.5095812
45.780857	0.50957716
45.800858	0.50957274
45.820858	0.509568
45.84086	0.5095631
45.86086	0.5095578
45.88086	0.5095518
45.90086	0.5095466
45.92086	0.50954306
45.94086	0.50954044
45.96086	0.50953734
45.98086	0.50953466
46.000862	0.5095326
46.020863	0.5095302
46.040863	0.50952786
46.060863	0.50952554
46.080864	0.5095225
46.100864	0.5095192
46.120865	0.5095159
46.140865	0.5095119
46.160866	0.50950706
46.180866	0.5095029
46.200867	0.5094995
46.220867	0.5094968
46.240868	0.5094952
46.260868	0.5094945
46.28087	0.5094943
46.30087	0.5094935
46.32087	0.5094923
46.34087	0.5094912
46.36087	0.5094904
46.38087	0.50949
46.40087	0.5094897
46.42087	0.5094893
46.440872	0.5094886
46.460873	0.5094877
46.480873	0.50948584
46.500874	0.50948334
46.520874	0.5094809
46.540874	0.50947833
46.560875	0.5094761
46.580875	0.5094749
46.600876	0.5094746
46.620876	0.5094744
46.640877	0.50947464
46.660877	0.50947523
46.680878	0.5094768
46.70088	0.5094801
46.72088	0.5094842
46.74088	0.5094882
46.76088	0.50949275
46.78088	0.5094981
46.80088	0.5095037
46.82088	0.5095089
46.84088	0.50951314
46.86088	0.5095167
46.880882	0.5095204
46.900883	0.5095236
46.920883	0.509526
46.940884	0.5095271
46.960884	0.50952727
46.980885	0.5095272
47.000885	0.5095278
47.020885	0.50952935
47.040886	0.50953126
47.060886	0.5095333
47.080887	0.5095351
47.100887	0.50953704
47.120888	0.5095395
47.14089	0.5095427
47.16089	0.5095457
47.18089	0.5095483
47.20089	0.50955105
47.22089	0.50955373
47.24089	0.50955737
47.26089	0.5095618
47.28089	0.50956637
47.30089	0.5095718
47.320892	0.5095775
47.340893	0.50958246
47.360893	0.5095875
47.380894	0.50959325
47.400894	0.5095983
47.420895	0.50960314
47.440895	0.5096086
47.460896	0.5096142
47.480896	0.5096196
47.500896	0.50962496
47.520897	0.50962996
47.540897	0.509634
47.560898	0.5096377
47.5809	0.5096414
47.6009	0.50964487
47.6209	0.5096489
47.6409	0.5096543
47.6609	0.50965965
47.6809	0.5096644
47.7009	0.50966907
47.7209	0.5096736
47.740902	0.509678
47.760902	0.50968254
47.780903	0.50968695
47.800903	0.5096918
47.820904	0.509697
47.840904	0.5097014
47.860905	0.5097046
47.880905	0.50970626
47.900906	0.5097071
47.920906	0.5097077
47.940907	0.50970745
47.960907	0.50970685
47.980907	0.5097066
48.000908	0.50970644
48.02091	0.50970584
48.04091	0.5097048
48.06091	0.509704
48.08091	0.50970495
48.10091	0.5097067
48.12091	0.50970757
48.14091	0.5097077
48.16091	0.5097074
48.180912	0.5097074
48.200912	0.50970864
48.220913	0.5097105
48.240913	0.50971115
48.260914	0.509711
48.280914	0.50971085
48.300915	0.5097103
48.320915	0.5097094
48.340916	0.50970805
48.360916	0.5097058
48.380917	0.50970244
48.400917	0.50969875
48.420918	0.5096956
48.440918	0.50969255
48.46092	0.5096899
48.48092	0.509688
48.50092	0.5096862
48.52092	0.50968444
48.54092	0.50968313
48.56092	0.50968236
48.58092	0.50968236
48.60092	0.5096824
48.620922	0.50968254
48.640923	0.5096832
48.660923	0.50968397
48.680923	0.5096848
48.700924	0.5096853
48.720924	0.5096853
48.740925	0.50968575
48.760925	0.50968623
48.780926	0.50968695
48.800926	0.50968796
48.820927	0.5096892
48.840927	0.5096916
48.860928	0.50969464
48.880928	0.509697
48.90093	0.509699
48.92093	0.5097008
48.94093	0.5097028
48.96093	0.5097047
48.98093	0.5097068
49.00093	0.50970995
49.02093	0.5097136
49.04093	0.509717
49.060932	0.50971985
49.080933	0.509722
49.100933	0.50972414
49.120934	0.50972664
49.140934	0.50972867
49.160934	0.5097301
49.180935	0.50973165
49.200935	0.50973314
49.220936	0.5097352
49.240936	0.50973815
49.260937	0.5097421
49.280937	0.50974673
49.300938	0.50975126
49.32094	0.5097561
49.34094	0.5097611
49.36094	0.50976604
49.38094	0.50977015
49.40094	0.50977254
49.42094	0.50977373
49.44094	0.5097748
49.46094	0.5097764
49.48094	0.5097785
49.500942	0.50978076
49.520943	0.5097838
49.540943	0.50978804
49.560944	0.5097929
49.580944	0.509797
49.600945	0.50979984
49.620945	0.5098026
49.640945	0.50980616
49.660946	0.5098113
49.680946	0.50981754
49.700947	0.5098239
49.720947	0.5098302
49.740948	0.5098359
49.76095	0.5098406
49.78095	0.509845
49.80095	0.5098498
49.82095	0.5098539
49.84095	0.509858
49.86095	0.50986296
49.88095	0.5098682
49.90095	0.5098743
49.92095	0.5098803
49.940952	0.50988495
49.960953	0.5098885
49.980953	0.5098915
50.0	0.5098946
