0.0	0.60000026
0.02	0.5999917
0.04	0.5999665
0.06	0.5999247
0.08	0.59986675
0.099999994	0.5997932
0.11999999	0.59970427
0.13999999	0.5996003
0.15999998	0.59948146
0.17999998	0.59934866
0.19999997	0.599203
0.21999997	0.5990454
0.23999996	0.59887713
0.25999996	0.5986974
0.27999997	0.59850496
0.29999998	0.5983016
0.32	0.59808844
0.34	0.5978645
0.36	0.5976311
0.38000003	0.5973889
0.40000004	0.5971377
0.42000005	0.5968792
0.44000006	0.5966128
0.46000007	0.5963385
0.48000008	0.5960573
0.50000006	0.5957691
0.52000004	0.5954739
0.54	0.59517217
0.56	0.5948643
0.58	0.5945508
0.59999996	0.5942321
0.61999995	0.5939078
0.6399999	0.5935777
0.6599999	0.59324324
0.6799999	0.59290487
0.69999987	0.59256184
0.71999985	0.59221435
0.73999983	0.5918623
0.7599998	0.59150565
0.7799998	0.5911451
0.7999998	0.59078085
0.81999975	0.5904135
0.83999974	0.5900434
0.8599997	0.58967
0.8799997	0.5892937
0.8999997	0.5889163
0.91999966	0.5885367
0.93999964	0.5881549
0.9599996	0.587772
0.9799996	0.5873875
0.9999996	0.58700156
1.0199996	0.5866137
1.0399996	0.58622456
1.0599996	0.58583546
1.0799996	0.5854459
1.0999995	0.5850549
1.1199995	0.5846623
1.1399995	0.5842687
1.1599995	0.5838752
1.1799995	0.5834818
1.1999995	0.58308756
1.2199994	0.5826924
1.2399994	0.582298
1.2599994	0.58190465
1.2799994	0.5815107
1.2999994	0.5811163
1.3199993	0.5807222
1.3399993	0.5803284
1.3599993	0.57993525
1.3799993	0.57954305
1.3999993	0.57915115
1.4199992	0.5787587
1.4399992	0.5783659
1.4599992	0.5779736
1.4799992	0.5775821
1.4999992	0.57719076
1.5199991	0.57680035
1.5399991	0.5764114
1.5599991	0.5760238
1.5799991	0.57563776
1.5999991	0.57525283
1.619999	0.5748702
1.639999	0.5744902
1.659999	0.57411206
1.679999	0.57373536
1.699999	0.57336026
1.719999	0.57298774
1.7399989	0.5726173
1.7599989	0.57224745
1.7799989	0.5718782
1.7999989	0.5715098
1.8199989	0.57114226
1.8399988	0.5707764
1.8599988	0.5704131
1.8799988	0.57005155
1.8999988	0.5696909
1.9199988	0.5693314
1.9399987	0.56897366
1.9599987	0.5686184
1.9799987	0.56826556
1.9999987	0.56791484
2.0199988	0.5675664
2.0399988	0.5672201
2.0599988	0.56687576
2.0799987	0.566533
2.0999987	0.56619203
2.1199987	0.5658534
2.1399987	0.5655175
2.1599987	0.5651828
2.1799986	0.56484807
2.1999986	0.5645139
2.2199986	0.56418204
2.2399986	0.56385267
2.2599986	0.5635248
2.2799985	0.5631987
2.2999985	0.56287473
2.3199985	0.56255186
2.3399985	0.56223047
2.3599985	0.56191146
2.3799984	0.56159455
2.3999984	0.5612791
2.4199984	0.5609658
2.4399984	0.56065446
2.4599984	0.56034493
2.4799984	0.5600362
2.4999983	0.5597288
2.5199983	0.55942345
2.5399983	0.5591195
2.5599983	0.5588165
2.5799983	0.5585154
2.5999982	0.5582165
2.6199982	0.5579196
2.6399982	0.55762416
2.6599982	0.55732995
2.6799982	0.55703723
2.6999981	0.55674636
2.7199981	0.55645716
2.739998	0.5561692
2.759998	0.55588174
2.779998	0.5555962
2.799998	0.55531305
2.819998	0.5550318
2.839998	0.5547517
2.859998	0.5544731
2.879998	0.55419636
2.899998	0.55391985
2.919998	0.55364394
2.939998	0.5533693
2.959998	0.55309635
2.9799979	0.5528249
2.9999979	0.5525552
3.0199978	0.5522866
3.0399978	0.55201894
3.0599978	0.5517532
3.0799978	0.5514896
3.0999978	0.5512279
3.1199977	0.5509681
3.1399977	0.55070925
3.1599977	0.550451
3.1799977	0.5501945
3.1999977	0.5499399
3.2199976	0.5496868
3.2399976	0.54943526
3.2599976	0.5491853
3.2799976	0.5489366
3.2999976	0.54868823
3.3199975	0.54844075
3.3399975	0.5481952
3.3599975	0.54795164
3.3799975	0.5477099
3.3999975	0.5474695
3.4199975	0.54723096
3.4399974	0.5469942
3.4599974	0.54675865
3.4799974	0.5465236
3.4999974	0.54628956
3.5199974	0.5460571
3.5399973	0.5458261
3.5599973	0.5455957
3.5799973	0.54536545
3.5999973	0.5451352
3.6199973	0.54490525
3.6399972	0.54467714
3.6599972	0.5444507
3.6799972	0.5442266
3.6999972	0.54400444
3.7199972	0.54378426
3.7399971	0.5435654
3.7599971	0.543347
3.779997	0.5431299
3.799997	0.54291475
3.819997	0.5427015
3.839997	0.54248935
3.859997	0.54227865
3.879997	0.5420697
3.899997	0.5418617
3.919997	0.54165447
3.939997	0.5414493
3.959997	0.5412463
3.979997	0.5410448
3.999997	0.5408451
4.019997	0.5406463
4.039997	0.54044807
4.059997	0.5402507
4.079997	0.5400548
4.099997	0.53986
4.119997	0.53966624
4.139997	0.539474
4.159997	0.53928345
4.179997	0.53909415
4.199997	0.5389064
4.219997	0.5387205
4.239997	0.5385358
4.259997	0.53835166
4.279997	0.53816855
4.299997	0.53798544
4.319997	0.53780127
4.339997	0.5376177
4.359997	0.5374351
4.379997	0.5372535
4.3999968	0.53707314
4.4199967	0.5368953
4.4399967	0.53671944
4.4599967	0.53654444
4.4799967	0.53637046
4.4999967	0.53619695
4.5199966	0.53602374
4.5399966	0.5358521
4.5599966	0.53568256
4.5799966	0.53551424
4.5999966	0.53534716
4.6199965	0.5351815
4.6399965	0.53501654
4.6599965	0.5348511
4.6799965	0.53468627
4.6999965	0.5345218
4.7199965	0.5343568
4.7399964	0.53419244
4.7599964	0.5340294
4.7799964	0.5338675
4.7999964	0.5337068
4.8199964	0.5335475
4.8399963	0.53338945
4.8599963	0.5332321
4.8799963	0.5330765
4.8999963	0.5329232
4.9199963	0.5327717
4.9399962	0.53262144
4.959996	0.53247243
4.979996	0.53232455
4.999996	0.5321779
5.019996	0.53203297
5.039996	0.53188956
5.059996	0.53174686
5.079996	0.53160465
5.099996	0.53146267
5.119996	0.53132033
5.139996	0.531178
5.159996	0.5310356
5.179996	0.53089297
5.199996	0.53075033
5.219996	0.5306079
5.239996	0.5304655
5.259996	0.53032434
5.279996	0.5301853
5.299996	0.5300471
5.319996	0.52990997
5.339996	0.5297739
5.359996	0.5296383
5.379996	0.5295038
5.399996	0.5293694
5.419996	0.5292334
5.439996	0.5290967
5.4599957	0.5289606
5.4799957	0.52882504
5.4999957	0.52868986
5.5199957	0.52855563
5.5399957	0.52842253
5.5599957	0.5282897
5.5799956	0.5281575
5.5999956	0.52802587
5.6199956	0.5278945
5.6399956	0.52776384
5.6599956	0.527634
5.6799955	0.527505
5.6999955	0.527377
5.7199955	0.5272504
5.7399955	0.5271257
5.7599955	0.5270031
5.7799954	0.52688175
5.7999954	0.52676094
5.8199954	0.5266406
5.8399954	0.5265206
5.8599954	0.52640074
5.8799953	0.5262815
5.8999953	0.5261639
5.9199953	0.52604735
5.9399953	0.52592987
5.9599953	0.5258119
5.9799953	0.52569497
5.999995	0.525578
6.019995	0.5254609
6.039995	0.52534455
6.059995	0.52522945
6.079995	0.5251148
6.099995	0.52500093
6.119995	0.5248883
6.139995	0.52477664
6.159995	0.52466637
6.179995	0.52455616
6.199995	0.5244465
6.219995	0.52433777
6.239995	0.52423024
6.259995	0.52412415
6.279995	0.5240183
6.299995	0.52391267
6.319995	0.52380687
6.339995	0.5237004
6.359995	0.52359426
6.379995	0.5234895
6.399995	0.52338636
6.419995	0.52328354
6.439995	0.5231802
6.459995	0.5230771
6.479995	0.52297455
6.4999948	0.5228722
6.5199947	0.52277106
6.5399947	0.52267146
6.5599947	0.52257323
6.5799947	0.52247566
6.5999947	0.5223777
6.6199946	0.52227944
6.6399946	0.5221803
6.6599946	0.5220815
6.6799946	0.5219841
6.6999946	0.5218869
6.7199945	0.5217896
6.7399945	0.5216934
6.7599945	0.5215992
6.7799945	0.521507
6.7999945	0.5214162
6.8199944	0.5213264
6.8399944	0.52123725
6.8599944	0.52114785
6.8799944	0.52105874
6.8999944	0.52097005
6.9199944	0.520882
6.9399943	0.5207943
6.9599943	0.5207064
6.9799943	0.52061844
6.9999943	0.52053064
7.0199943	0.52044266
7.0399942	0.52035314
7.059994	0.5202627
7.079994	0.5201733
7.099994	0.5200844
7.119994	0.5199952
7.139994	0.5199059
7.159994	0.5198169
7.179994	0.51972854
7.199994	0.5196403
7.219994	0.5195526
7.239994	0.5194655
7.259994	0.51937854
7.279994	0.5192927
7.299994	0.51920927
7.319994	0.5191274
7.339994	0.5190462
7.359994	0.51896566
7.379994	0.51888597
7.399994	0.5188073
7.419994	0.5187293
7.439994	0.5186509
7.459994	0.51857233
7.479994	0.518494
7.499994	0.5184159
7.519994	0.5183382
7.539994	0.51826096
7.5599937	0.51818395
7.5799937	0.5181067
7.5999937	0.51802945
7.6199937	0.5179523
7.6399937	0.51787525
7.6599936	0.5177983
7.6799936	0.5177214
7.6999936	0.5176447
7.7199936	0.5175682
7.7399936	0.51749164
7.7599936	0.51741576
7.7799935	0.5173403
7.7999935	0.5172659
7.8199935	0.5171915
7.8399935	0.517117
7.8599935	0.51704377
7.8799934	0.5169711
7.8999934	0.5168985
7.9199934	0.5168268
7.9399934	0.5167563
7.9599934	0.5166868
7.9799933	0.5166183
7.9999933	0.51655066
8.019994	0.51648283
8.039994	0.51641494
8.059995	0.5163481
8.079995	0.5162827
8.099996	0.51621795
8.119996	0.51615393
8.139997	0.5160908
8.159997	0.5160285
8.179997	0.5159675
8.199998	0.5159066
8.219998	0.51584554
8.239999	0.5157847
8.259999	0.51572347
8.28	0.5156623
8.3	0.515602
8.320001	0.51554334
8.340001	0.5154852
8.360002	0.51542664
8.380002	0.5153686
8.4000025	0.5153107
8.420003	0.5152518
8.440003	0.51519245
8.460004	0.51513374
8.480004	0.5150762
8.500005	0.51502
8.520005	0.5149649
8.540006	0.51491094
8.560006	0.5148577
8.580007	0.5148047
8.600007	0.5147513
8.6200075	0.51469797
8.640008	0.51464474
8.660008	0.51459116
8.680009	0.514537
8.700009	0.5144832
8.72001	0.51443005
8.74001	0.5143773
8.760011	0.5143252
8.780011	0.5142751
8.800012	0.51422584
8.820012	0.5141762
8.840013	0.5141261
8.860013	0.514076
8.880013	0.5140258
8.900014	0.5139753
8.920014	0.51392514
8.940015	0.51387537
8.960015	0.5138251
8.980016	0.5137743
9.000016	0.5137232
9.020017	0.51367307
9.040017	0.51362306
9.060018	0.5135732
9.080018	0.51352376
9.1000185	0.51347417
9.120019	0.51342434
9.140019	0.5133743
9.16002	0.5133247
9.18002	0.51327544
9.200021	0.51322657
9.220021	0.5131777
9.240022	0.5131283
9.260022	0.51307905
9.280023	0.5130301
9.300023	0.51298136
9.320024	0.5129329
9.340024	0.51288456
9.360024	0.51283604
9.380025	0.5127873
9.400025	0.512739
9.420026	0.51269054
9.440026	0.51264113
9.460027	0.5125915
9.480027	0.51254165
9.500028	0.51249206
9.520028	0.51244307
9.540029	0.51239496
9.560029	0.5123483
9.5800295	0.5123019
9.60003	0.51225495
9.62003	0.51220715
9.640031	0.51215947
9.660031	0.5121114
9.680032	0.5120636
9.700032	0.5120176
9.720033	0.511973
9.740033	0.5119289
9.760034	0.51188517
9.780034	0.5118414
9.8000345	0.511798
9.820035	0.5117549
9.840035	0.51171243
9.860036	0.5116707
9.880036	0.51163065
9.900037	0.5115917
9.920037	0.51155317
9.940038	0.511516
9.960038	0.51147914
9.980039	0.5114424
10.000039	0.5114058
10.02004	0.5113702
10.04004	0.5113348
10.06004	0.511299
10.080041	0.51126385
10.100041	0.51122904
10.120042	0.51119316
10.140042	0.51115596
10.160043	0.5111183
10.180043	0.51108074
10.200044	0.5110437
10.220044	0.51100713
10.240045	0.5109706
10.260045	0.51093435
10.2800455	0.5108978
10.300046	0.510861
10.320046	0.5108247
10.340047	0.5107888
10.360047	0.510754
10.380048	0.51071954
10.400048	0.5106851
10.420049	0.5106501
10.440049	0.51061535
10.46005	0.5105808
10.48005	0.51054573
10.500051	0.5105113
10.520051	0.5104766
10.540051	0.5104407
10.560052	0.51040494
10.580052	0.5103697
10.600053	0.510334
10.620053	0.510298
10.640054	0.5102619
10.660054	0.5102258
10.680055	0.5101891
10.700055	0.510152
10.720056	0.51011497
10.740056	0.5100783
10.7600565	0.5100421
10.780057	0.51000637
10.800057	0.5099707
10.820058	0.50993526
10.840058	0.5099008
10.860059	0.5098666
10.880059	0.5098319
10.90006	0.50979686
10.92006	0.50976163
10.940061	0.50972676
10.960061	0.5096918
10.980062	0.50965637
11.000062	0.50962186
11.020062	0.50958765
11.040063	0.5095534
11.060063	0.5095197
11.080064	0.50948656
11.100064	0.5094538
11.120065	0.50942117
11.140065	0.50938797
11.160066	0.5093548
11.180066	0.5093219
11.200067	0.50928897
11.220067	0.50925547
11.2400675	0.50922227
11.260068	0.5091905
11.280068	0.50915897
11.300069	0.50912756
11.320069	0.5090966
11.34007	0.5090662
11.36007	0.50903666
11.380071	0.5090078
11.400071	0.50897896
11.420072	0.5089501
11.440072	0.5089224
11.4600725	0.50889516
11.480073	0.5088672
11.500073	0.50884056
11.520074	0.5088149
11.540074	0.5087881
11.560075	0.50876105
11.580075	0.50873333
11.600076	0.50870484
11.620076	0.50867593
11.640077	0.50864685
11.660077	0.5086178
11.680078	0.50858986
11.700078	0.50856376
11.720078	0.5085394
11.740079	0.5085169
11.760079	0.50849557
11.78008	0.5084745
11.80008	0.50845325
11.820081	0.5084318
11.840081	0.5084105
11.860082	0.5083902
11.880082	0.508371
11.900083	0.5083517
11.920083	0.5083318
11.9400835	0.5083121
11.960084	0.5082926
11.980084	0.5082725
12.000085	0.5082516
12.020085	0.5082302
12.040086	0.5082092
12.060086	0.5081882
12.080087	0.5081667
12.100087	0.50814533
12.120088	0.5081229
12.140088	0.5081002
12.160089	0.508078
12.180089	0.5080559
12.200089	0.508034
12.22009	0.50801206
12.24009	0.5079908
12.260091	0.5079699
12.280091	0.5079486
12.300092	0.50792646
12.320092	0.5079028
12.340093	0.5078783
12.360093	0.5078544
12.380094	0.5078301
12.400094	0.50780535
12.4200945	0.5077811
12.440095	0.50775707
12.460095	0.50773245
12.480096	0.50770795
12.500096	0.50768477
12.520097	0.5076619
12.540097	0.5076388
12.560098	0.5076153
12.580098	0.50759125
12.600099	0.5075669
12.620099	0.5075438
12.6401	0.5075212
12.6601	0.50749874
12.6801	0.50747657
12.700101	0.5074544
12.720101	0.5074325
12.740102	0.5074109
12.760102	0.50738966
12.780103	0.50736886
12.800103	0.50734854
12.820104	0.5073286
12.840104	0.50730836
12.860105	0.5072886
12.880105	0.50726956
12.900105	0.5072513
12.920106	0.507233
12.940106	0.50721395
12.960107	0.5071945
12.980107	0.5071754
13.000108	0.5071572
13.020108	0.50714064
13.040109	0.50712574
13.060109	0.5071113
13.08011	0.50709605
13.10011	0.5070798
13.1201105	0.50706303
13.140111	0.5070456
13.160111	0.5070281
13.180112	0.50701064
13.200112	0.50699353
13.220113	0.5069764
13.240113	0.5069593
13.260114	0.50694156
13.280114	0.5069237
13.300115	0.5069058
13.320115	0.5068871
13.340116	0.5068676
13.360116	0.50684786
13.380116	0.506828
13.400117	0.5068077
13.420117	0.5067866
13.440118	0.50676537
13.460118	0.506744
13.480119	0.50672185
13.500119	0.5066995
13.52012	0.506678
13.54012	0.50665677
13.560121	0.5066352
13.580121	0.50661373
13.6001215	0.506593
13.620122	0.50657296
13.640122	0.5065534
13.660123	0.5065341
13.680123	0.50651455
13.700124	0.5064956
13.720124	0.5064771
13.740125	0.50645775
13.760125	0.50643766
13.780126	0.5064175
13.800126	0.5063971
13.820127	0.50637686
13.840127	0.5063573
13.860127	0.50633794
13.880128	0.5063181
13.900128	0.5062989
13.920129	0.50628096
13.940129	0.5062635
13.96013	0.506245
13.98013	0.50622594
14.000131	0.50620675
14.020131	0.5061878
14.040132	0.50616854
14.060132	0.50614816
14.0801325	0.5061276
14.100133	0.5061073
14.120133	0.5060867
14.140134	0.50606644
14.160134	0.50604725
14.180135	0.5060289
14.200135	0.50601065
14.220136	0.5059924
14.240136	0.50597477
14.260137	0.505957
14.280137	0.5059384
14.3001375	0.5059185
14.320138	0.50589764
14.340138	0.50587714
14.360139	0.5058571
14.380139	0.5058381
14.40014	0.50582033
14.42014	0.5058031
14.440141	0.50578624
14.460141	0.5057696
14.480142	0.5057534
14.500142	0.5057373
14.520143	0.50572145
14.540143	0.50570667
14.560143	0.50569236
14.580144	0.505679
14.600144	0.5056665
14.620145	0.5056534
14.640145	0.50563973
14.660146	0.505626
14.680146	0.50561136
14.700147	0.5055959
14.720147	0.50558144
14.740148	0.50556695
14.760148	0.50555164
14.7801485	0.5055362
14.800149	0.50552016
14.820149	0.5055041
14.84015	0.5054883
14.86015	0.5054721
14.880151	0.5054558
14.900151	0.5054389
14.920152	0.505422
14.940152	0.50540596
14.960153	0.5053902
14.980153	0.5053743
15.000154	0.5053588
15.020154	0.5053436
15.040154	0.50532866
15.060155	0.5053147
15.080155	0.50530064
15.100156	0.50528514
15.120156	0.50526965
15.140157	0.5052545
15.160157	0.5052391
15.180158	0.5052241
15.200158	0.5052092
15.220159	0.50519377
15.240159	0.50517744
15.2601595	0.50516117
15.28016	0.5051451
15.30016	0.5051298
15.320161	0.50511605
15.340161	0.505103
15.360162	0.5050903
15.380162	0.5050776
15.400163	0.5050656
15.420163	0.50505453
15.440164	0.5050441
15.460164	0.50503457
15.480165	0.50502574
15.500165	0.5050174
15.520165	0.50500965
15.540166	0.50500226
15.560166	0.50499445
15.580167	0.5049856
15.600167	0.50497484
15.620168	0.50496346
15.640168	0.5049523
15.660169	0.50494134
15.680169	0.50493056
15.70017	0.5049193
15.72017	0.5049069
15.7401705	0.50489545
15.760171	0.50488496
15.780171	0.5048748
15.800172	0.50486445
15.820172	0.5048525
15.840173	0.5048401
15.860173	0.5048287
15.880174	0.5048181
15.900174	0.5048073
15.920175	0.504796
15.940175	0.5047854
15.9601755	0.50477546
15.980176	0.5047648
16.000175	0.504754
16.020176	0.5047438
16.040176	0.5047338
16.060177	0.5047238
16.080177	0.50471354
16.100178	0.5047026
16.120178	0.5046919
16.140179	0.50468147
16.16018	0.50467145
16.18018	0.5046618
16.20018	0.50465196
16.22018	0.5046425
16.240181	0.50463414
16.260181	0.50462687
16.280182	0.5046191
16.300182	0.5046122
16.320183	0.504606
16.340183	0.5045992
16.360184	0.50459206
16.380184	0.5045843
16.400185	0.50457704
16.420185	0.5045695
16.440186	0.5045618
16.460186	0.5045549
16.480186	0.5045485
16.500187	0.5045426
16.520187	0.5045372
16.540188	0.50453126
16.560188	0.5045252
16.580189	0.5045185
16.60019	0.5045114
16.62019	0.5045049
16.64019	0.5044985
16.66019	0.5044918
16.680191	0.50448537
16.700191	0.50447905
16.720192	0.50447243
16.740192	0.50446546
16.760193	0.50445867
16.780193	0.5044518
16.800194	0.50444484
16.820194	0.5044384
16.840195	0.50443095
16.860195	0.5044234
16.880196	0.50441605
16.900196	0.50440866
16.920197	0.504402
16.940197	0.50439537
16.960197	0.504389
16.980198	0.50438327
17.000198	0.5043776
17.020199	0.5043714
17.0402	0.5043644
17.0602	0.50435674
17.0802	0.50434905
17.1002	0.5043408
17.120201	0.50433177
17.140202	0.5043229
17.160202	0.504314
17.180202	0.50430554
17.200203	0.5042988
17.220203	0.5042927
17.240204	0.5042871
17.260204	0.5042821
17.280205	0.50427616
17.300205	0.5042691
17.320206	0.5042622
17.340206	0.5042558
17.360207	0.5042485
17.380207	0.5042402
17.400208	0.50423175
17.420208	0.5042231
17.440208	0.5042139
17.460209	0.5042044
17.48021	0.50419533
17.50021	0.5041868
17.52021	0.5041781
17.54021	0.5041691
17.560211	0.50415945
17.580212	0.5041491
17.600212	0.5041378
17.620213	0.50412536
17.640213	0.5041126
17.660213	0.50410014
17.680214	0.5040887
17.700214	0.5040785
17.720215	0.5040693
17.740215	0.5040605
17.760216	0.5040517
17.780216	0.5040438
17.800217	0.50403607
17.820217	0.5040279
17.840218	0.5040202
17.860218	0.5040134
17.880219	0.5040065
17.900219	0.5039995
17.92022	0.5039926
17.94022	0.5039849
17.96022	0.5039759
17.98022	0.503966
18.000221	0.5039555
18.020222	0.503945
18.040222	0.5039345
18.060223	0.50392383
18.080223	0.50391304
18.100224	0.50390184
18.120224	0.5038904
18.140224	0.5038781
18.160225	0.50386524
18.180225	0.5038524
18.200226	0.503839
18.220226	0.5038255
18.240227	0.50381184
18.260227	0.5037985
18.280228	0.5037859
18.300228	0.50377405
18.320229	0.50376284
18.340229	0.5037515
18.36023	0.50374055
18.38023	0.50373065
18.40023	0.5037211
18.42023	0.5037116
18.440231	0.5037017
18.460232	0.5036911
18.480232	0.5036802
18.500233	0.50366986
18.520233	0.50366056
18.540234	0.5036521
18.560234	0.5036436
18.580235	0.5036349
18.600235	0.5036267
18.620235	0.5036191
18.640236	0.5036113
18.660236	0.50360364
18.680237	0.503596
18.700237	0.5035889
18.720238	0.5035827
18.740238	0.5035771
18.760239	0.5035722
18.78024	0.50356674
18.80024	0.5035596
18.82024	0.50355196
18.84024	0.5035441
18.86024	0.50353694
18.880241	0.5035305
18.900242	0.5035244
18.920242	0.5035187
18.940243	0.50351316
18.960243	0.5035079
18.980244	0.50350237
19.000244	0.50349665
19.020245	0.5034908
19.040245	0.5034857
19.060246	0.50348115
19.080246	0.50347674
19.100246	0.5034735
19.120247	0.50347185
19.140247	0.50347173
19.160248	0.50347316
19.180248	0.50347567
19.200249	0.5034785
19.22025	0.50348186
19.24025	0.5034857
19.26025	0.50348985
19.28025	0.5034944
19.300251	0.50349796
19.320251	0.50350034
19.340252	0.50350213
19.360252	0.5035035
19.380253	0.5035043
19.400253	0.5035042
19.420254	0.5035032
19.440254	0.503502
19.460255	0.5035018
19.480255	0.5035027
19.500256	0.5035033
19.520256	0.50350296
19.540257	0.50350285
19.560257	0.50350326
19.580257	0.5035044
19.600258	0.5035062
19.620258	0.50350785
19.640259	0.50350976
19.66026	0.50351214
19.68026	0.50351435
19.70026	0.503516
19.72026	0.5035178
19.740261	0.50351906
19.760262	0.50351906
19.780262	0.5035175
19.800262	0.5035156
19.820263	0.5035144
19.840263	0.50351346
19.860264	0.50351167
19.880264	0.50350857
19.900265	0.5035053
19.920265	0.50350225
19.940266	0.5034995
19.960266	0.5034977
19.980267	0.503497
20.000267	0.50349665
20.020267	0.50349534
20.040268	0.50349313
20.060268	0.50349045
20.080269	0.50348693
20.10027	0.5034831
20.12027	0.5034787
20.14027	0.5034738
20.16027	0.503469
20.180271	0.50346446
20.200272	0.5034605
20.220272	0.50345767
20.240273	0.5034558
20.260273	0.5034543
20.280273	0.50345343
20.300274	0.50345266
20.320274	0.5034522
20.340275	0.5034518
20.360275	0.5034509
20.380276	0.50344926
20.400276	0.5034472
20.420277	0.50344443
20.440277	0.50344145
20.460278	0.50343853
20.480278	0.5034351
20.500278	0.50343144
20.520279	0.50342786
20.54028	0.50342387
20.56028	0.50341976
20.58028	0.50341636
20.60028	0.5034138
20.620281	0.5034118
20.640282	0.50340986
20.660282	0.503407
20.680283	0.5034039
20.700283	0.5034012
20.720284	0.5033984
20.740284	0.50339496
20.760284	0.5033915
20.780285	0.5033879
20.800285	0.5033844
20.820286	0.5033803
20.840286	0.50337577
20.860287	0.50337195
20.880287	0.50336945
20.900288	0.50336707
20.920288	0.5033647
20.940289	0.5033619
20.960289	0.50335896
20.98029	0.5033561
21.00029	0.5033529
21.02029	0.5033499
21.04029	0.50334823
21.060291	0.5033474
21.080292	0.5033459
21.100292	0.5033442
21.120293	0.50334215
21.140293	0.5033399
21.160294	0.5033382
21.180294	0.5033376
21.200294	0.5033375
21.220295	0.5033376
21.240295	0.50333774
21.260296	0.50333667
21.280296	0.5033355
21.300297	0.50333434
21.320297	0.5033331
21.340298	0.5033314
21.360298	0.50332904
21.380299	0.50332606
21.4003	0.503322
21.4203	0.50331724
21.4403	0.50331193
21.4603	0.50330627
21.4803	0.5033008
21.500301	0.5032954
21.520302	0.5032897
21.540302	0.50328386
21.560303	0.50327796
21.580303	0.5032716
21.600304	0.5032648
21.620304	0.5032575
21.640305	0.50325084
21.660305	0.50324523
21.680305	0.50323987
21.700306	0.5032346
21.720306	0.5032301
21.740307	0.50322497
21.760307	0.5032195
21.780308	0.50321496
21.800308	0.5032105
21.820309	0.50320446
21.84031	0.5031979
21.86031	0.5031917
21.88031	0.5031859
21.90031	0.50318
21.920311	0.50317466
21.940311	0.50316995
21.960312	0.50316596
21.980312	0.5031628
22.000313	0.5031603
22.020313	0.5031593
22.040314	0.50315905
22.060314	0.50315785
22.080315	0.50315624
22.100315	0.503154
22.120316	0.5031519
22.140316	0.5031514
22.160316	0.50315213
22.180317	0.50315344
22.200317	0.5031547
22.220318	0.5031555
22.240318	0.5031557
22.260319	0.5031551
22.28032	0.50315356
22.30032	0.50315225
22.32032	0.5031522
22.34032	0.50315213
22.360321	0.50315106
22.380322	0.50314945
22.400322	0.5031473
22.420322	0.503145
22.440323	0.5031425
22.460323	0.5031402
22.480324	0.50313836
22.500324	0.5031364
22.520325	0.503134
22.540325	0.5031316
22.560326	0.5031301
22.580326	0.50312877
22.600327	0.5031267
22.620327	0.5031235
22.640327	0.50311977
22.660328	0.5031161
22.680328	0.5031128
22.700329	0.5031096
22.72033	0.5031059
22.74033	0.50310206
22.76033	0.50309944
22.78033	0.5030971
22.800331	0.50309455
22.820332	0.5030925
22.840332	0.5030908
22.860332	0.50308895
22.880333	0.5030856
22.900333	0.503081
22.920334	0.5030756
22.940334	0.50306994
22.960335	0.50306463
22.980335	0.5030595
23.000336	0.5030539
23.020336	0.5030483
23.040337	0.50304365
23.060337	0.50303894
23.080338	0.50303376
23.100338	0.5030284
23.120338	0.5030223
23.140339	0.5030149
23.16034	0.5030073
23.18034	0.503
23.20034	0.50299424
23.22034	0.5029902
23.240341	0.5029863
23.260342	0.50298154
23.280342	0.50297636
23.300343	0.5029713
23.320343	0.50296664
23.340343	0.502962
23.360344	0.5029562
23.380344	0.50295055
23.400345	0.502946
23.420345	0.50294167
23.440346	0.5029371
23.460346	0.50293255
23.480347	0.50292885
23.500347	0.5029253
23.520348	0.5029211
23.540348	0.5029167
23.560349	0.50291306
23.580349	0.5029108
23.60035	0.50290936
23.62035	0.5029081
23.64035	0.502907
23.66035	0.5029062
23.680351	0.5029052
23.700352	0.50290346
23.720352	0.50290143
23.740353	0.50289965
23.760353	0.5028982
23.780354	0.50289726
23.800354	0.50289696
23.820354	0.50289667
23.840355	0.50289655
23.860355	0.5028955
23.880356	0.5028943
23.900356	0.50289404
23.920357	0.5028937
23.940357	0.502893
23.960358	0.50289106
23.980358	0.5028882
24.000359	0.50288475
24.020359	0.50288117
24.04036	0.5028775
24.06036	0.50287354
24.08036	0.50287044
24.10036	0.502867
24.120361	0.5028631
24.140362	0.50286025
24.160362	0.5028577
24.180363	0.5028541
24.200363	0.50285065
24.220364	0.5028475
24.240364	0.5028444
24.260365	0.50284153
24.280365	0.50284
24.300365	0.5028395
24.320366	0.5028392
24.340366	0.5028385
24.360367	0.5028374
24.380367	0.5028355
24.400368	0.5028322
24.420368	0.50282836
24.440369	0.50282556
24.46037	0.50282365
24.48037	0.50282204
24.50037	0.5028213
24.52037	0.5028207
24.54037	0.50281924
24.560371	0.50281745
24.580372	0.5028159
24.600372	0.50281554
24.620373	0.5028158
24.640373	0.5028156
24.660374	0.5028149
24.680374	0.5028136
24.700375	0.5028129
24.720375	0.50281274
24.740376	0.5028125
24.760376	0.5028125
24.780376	0.5028126
24.800377	0.50281286
24.820377	0.50281256
24.840378	0.5028116
24.860378	0.5028111
24.880379	0.50281096
24.90038	0.5028105
24.92038	0.50280964
24.94038	0.50280833
24.96038	0.5028059
24.980381	0.5028027
25.000381	0.50279915
25.020382	0.50279605
25.040382	0.5027944
25.060383	0.50279295
25.080383	0.5027913
25.100384	0.502789
25.120384	0.50278616
25.140385	0.5027833
25.160385	0.50278044
25.180386	0.5027782
25.200386	0.50277805
25.220387	0.50277793
25.240387	0.502777
25.260387	0.50277615
25.280388	0.5027758
25.300388	0.5027757
25.320389	0.50277543
25.34039	0.5027743
25.36039	0.5027727
25.38039	0.502771
25.40039	0.5027688
25.420391	0.50276524
25.440392	0.50276124
25.460392	0.50275725
25.480392	0.5027534
25.500393	0.50274956
25.520393	0.50274605
25.540394	0.50274277
25.560394	0.5027387
25.580395	0.50273407
25.600395	0.5027286
25.620396	0.50272346
25.640396	0.5027191
25.660397	0.50271475
25.680397	0.5027101
25.700397	0.5027045
25.720398	0.5026985
25.740398	0.50269216
25.760399	0.5026855
25.7804	0.5026785
25.8004	0.502671
25.8204	0.50266397
25.8404	0.5026577
25.860401	0.5026523
25.880402	0.50264704
25.900402	0.5026418
25.920403	0.5026361
25.940403	0.50263053
25.960403	0.50262535
25.980404	0.50262
26.000404	0.50261426
26.020405	0.5026083
26.040405	0.5026014
26.060406	0.5025935
26.080406	0.5025852
26.100407	0.50257653
26.120407	0.50256777
26.140408	0.50255835
26.160408	0.50254804
26.180408	0.5025377
26.200409	0.502527
26.22041	0.50251585
26.24041	0.5025054
26.26041	0.5024953
26.28041	0.50248504
26.300411	0.5024756
26.320412	0.50246626
26.340412	0.50245607
26.360413	0.5024458
26.380413	0.5024359
26.400414	0.5024264
26.420414	0.5024169
26.440414	0.50240827
26.460415	0.5024011
26.480415	0.50239384
26.500416	0.5023869
26.520416	0.5023811
26.540417	0.5023759
26.560417	0.50237024
26.580418	0.50236434
26.600418	0.50235856
26.620419	0.5023526
26.640419	0.50234735
26.66042	0.50234306
26.68042	0.502339
26.70042	0.50233555
26.72042	0.502333
26.740421	0.50233096
26.760422	0.5023291
26.780422	0.5023279
26.800423	0.5023277
26.820423	0.50232744
26.840424	0.5023268
26.860424	0.5023247
26.880424	0.50232226
26.900425	0.5023213
26.920425	0.5023198
26.940426	0.5023184
26.960426	0.5023176
26.980427	0.5023165
27.000427	0.5023161
27.020428	0.50231624
27.040428	0.50231594
27.060429	0.5023149
27.08043	0.5023136
27.10043	0.5023118
27.12043	0.50231
27.14043	0.5023078
27.16043	0.5023046
27.180431	0.50230175
27.200432	0.5022994
27.220432	0.50229704
27.240433	0.5022951
27.260433	0.50229394
27.280434	0.50229347
27.300434	0.50229335
27.320435	0.50229335
27.340435	0.5022929
27.360435	0.50229126
27.380436	0.5022894
27.400436	0.50228703
27.420437	0.5022838
27.440437	0.50228065
27.460438	0.50227904
27.480438	0.5022783
27.500439	0.5022781
27.52044	0.5022782
27.54044	0.5022784
27.56044	0.50227916
27.58044	0.5022805
27.600441	0.5022818
27.620441	0.502283
27.640442	0.5022849
27.660442	0.5022869
27.680443	0.50228834
27.700443	0.50228846
27.720444	0.50228864
27.740444	0.5022897
27.760445	0.5022906
27.780445	0.502291
27.800446	0.5022905
27.820446	0.50228906
27.840446	0.5022878
27.860447	0.50228727
27.880447	0.5022867
27.900448	0.5022861
27.920448	0.5022856
27.940449	0.50228554
27.96045	0.5022865
27.98045	0.5022882
28.00045	0.50229096
28.02045	0.502295
28.040451	0.5022996
28.060452	0.502304
28.080452	0.50230867
28.100452	0.502313
28.120453	0.5023168
28.140453	0.5023202
28.160454	0.50232387
28.180454	0.5023266
28.200455	0.5023289
28.220455	0.50233275
28.240456	0.50233686
28.260456	0.5023397
28.280457	0.50234216
28.300457	0.5023439
28.320457	0.5023452
28.340458	0.5023465
28.360458	0.502348
28.380459	0.50235
28.40046	0.5023531
28.42046	0.5023569
28.44046	0.50236064
28.46046	0.5023643
28.480461	0.5023681
28.500462	0.50237274
28.520462	0.50237757
28.540462	0.5023819
28.560463	0.5023869
28.580463	0.5023924
28.600464	0.5023976
28.620464	0.5024022
28.640465	0.50240684
28.660465	0.502412
28.680466	0.5024174
28.700466	0.5024228
28.720467	0.50242907
28.740467	0.50243545
28.760468	0.50244135
28.780468	0.5024473
28.800468	0.50245357
28.820469	0.50245905
28.84047	0.50246334
28.86047	0.5024665
28.88047	0.50246894
28.90047	0.50247145
28.920471	0.5024743
28.940472	0.5024775
28.960472	0.50248086
28.980473	0.5024836
29.000473	0.5024861
29.020473	0.5024893
29.040474	0.5024928
29.060474	0.50249696
29.080475	0.5025018
29.100475	0.50250775
29.120476	0.5025148
29.140476	0.5025219
29.160477	0.5025284
29.180477	0.502535
29.200478	0.502542
29.220478	0.5025483
29.240479	0.5025535
29.260479	0.5025593
29.28048	0.50256586
29.30048	0.5025724
29.32048	0.5025796
29.34048	0.5025883
29.360481	0.50259745
29.380482	0.5026065
29.400482	0.5026156
29.420483	0.5026245
29.440483	0.50263226
29.460484	0.50263906
29.480484	0.5026456
29.500484	0.50265145
29.520485	0.50265634
29.540485	0.5026609
29.560486	0.50266474
29.580486	0.50266856
29.600487	0.5026737
29.620487	0.50267994
29.640488	0.50268686
29.660488	0.50269324
29.680489	0.5026988
29.700489	0.50270444
29.72049	0.50271016
29.74049	0.5027158
29.76049	0.50272167
29.78049	0.5027276
29.800491	0.5027332
29.820492	0.5027378
29.840492	0.50274193
29.860493	0.50274557
29.880493	0.5027489
29.900494	0.502753
29.920494	0.50275743
29.940495	0.5027612
29.960495	0.5027647
29.980495	0.5027683
30.000496	0.502772
30.020496	0.5027751
30.040497	0.5027777
30.060497	0.5027806
30.080498	0.5027832
30.100498	0.5027847
30.120499	0.50278556
30.1405	0.50278497
30.1605	0.5027844
30.1805	0.5027852
30.2005	0.5027869
30.2205	0.5027884
30.240501	0.50278914
30.260502	0.50278926
30.280502	0.5027892
30.300503	0.5027894
30.320503	0.50279075
30.340504	0.50279284
30.360504	0.50279415
30.380505	0.5027951
30.400505	0.5027964
30.420506	0.5027973
30.440506	0.50279725
30.460506	0.5027968
30.480507	0.5027956
30.500507	0.502793
30.520508	0.50279015
30.540508	0.50278676
30.560509	0.5027821
30.58051	0.50277674
30.60051	0.502771
30.62051	0.50276494
30.64051	0.5027597
30.660511	0.5027554
30.680511	0.50275147
30.700512	0.50274795
30.720512	0.50274414
30.740513	0.5027402
30.760513	0.50273675
30.780514	0.50273335
30.800514	0.50272906
30.820515	0.5027245
30.840515	0.50272083
30.860516	0.5027182
30.880516	0.50271595
30.900517	0.5027147
30.920517	0.5027143
30.940517	0.5027139
30.960518	0.5027134
30.980518	0.5027117
31.000519	0.50270903
31.02052	0.5027057
31.04052	0.5027034
31.06052	0.50270224
31.08052	0.5027009
31.100521	0.5026993
31.120522	0.5026976
31.140522	0.5026959
31.160522	0.502694
31.180523	0.5026926
31.200523	0.5026915
31.220524	0.5026911
31.240524	0.5026916
31.260525	0.50269353
31.280525	0.50269675
31.300526	0.50269985
31.320526	0.50270367
31.340527	0.5027083
31.360527	0.50271344
31.380527	0.50271857
31.400528	0.5027238
31.420528	0.5027288
31.440529	0.50273347
31.46053	0.5027382
31.48053	0.50274277
31.50053	0.50274694
31.52053	0.5027506
31.540531	0.502753
31.560532	0.50275457
31.580532	0.50275517
31.600533	0.5027553
31.620533	0.5027566
31.640533	0.50275844
31.660534	0.5027605
31.680534	0.50276273
31.700535	0.5027652
31.720535	0.5027677
31.740536	0.5027695
31.760536	0.5027707
31.780537	0.5027726
31.800537	0.50277543
31.820538	0.5027802
31.840538	0.50278616
31.860538	0.5027915
31.880539	0.5027973
31.90054	0.50280315
31.92054	0.50280654
31.94054	0.50280803
31.96054	0.50280905
31.980541	0.50281036
32.00054	0.5028125
32.020542	0.502815
32.040543	0.50281703
32.060543	0.50281894
32.080544	0.50282174
32.100544	0.50282496
32.120544	0.5028285
32.140545	0.50283146
32.160545	0.50283325
32.180546	0.50283486
32.200546	0.50283635
32.220547	0.50283724
32.240547	0.5028381
32.260548	0.50283873
32.28055	0.5028392
32.30055	0.5028396
32.32055	0.5028393
32.34055	0.50283766
32.36055	0.50283545
32.38055	0.50283337
32.40055	0.50283146
32.42055	0.50282913
32.44055	0.5028252
32.460552	0.50282085
32.480553	0.50281644
32.500553	0.50281215
32.520554	0.5028075
32.540554	0.50280255
32.560555	0.5027982
32.580555	0.50279415
32.600555	0.5027906
32.620556	0.502787
32.640556	0.5027839
32.660557	0.50278175
32.680557	0.50278044
32.700558	0.5027795
32.72056	0.5027784
32.74056	0.50277686
32.76056	0.50277364
32.78056	0.5027696
32.80056	0.5027662
32.82056	0.50276303
32.84056	0.5027594
32.86056	0.5027561
32.88056	0.5027529
32.900562	0.50275034
32.920563	0.5027485
32.940563	0.50274616
32.960564	0.50274456
32.980564	0.5027436
33.000565	0.5027424
33.020565	0.50274163
33.040565	0.50274116
33.060566	0.5027402
33.080566	0.5027395
33.100567	0.5027392
33.120567	0.5027386
33.140568	0.5027373
33.16057	0.50273603
33.18057	0.50273526
33.20057	0.50273454
33.22057	0.50273407
33.24057	0.5027345
33.26057	0.50273585
33.28057	0.50273687
33.30057	0.5027379
33.32057	0.50273925
33.340572	0.50274026
33.360573	0.5027415
33.380573	0.50274193
33.400574	0.502741
33.420574	0.50274026
33.440575	0.5027411
33.460575	0.5027418
33.480576	0.5027414
33.500576	0.50274074
33.520576	0.5027399
33.540577	0.50273854
33.560577	0.5027372
33.580578	0.50273573
33.60058	0.5027343
33.62058	0.50273275
33.64058	0.5027311
33.66058	0.5027293
33.68058	0.502727
33.70058	0.5027239
33.72058	0.5027209
33.74058	0.50271803
33.760582	0.50271565
33.780582	0.50271344
33.800583	0.50271034
33.820583	0.5027057
33.840584	0.5027008
33.860584	0.5026969
33.880585	0.50269353
33.900585	0.50269055
33.920586	0.50268817
33.940586	0.5026858
33.960587	0.50268346
33.980587	0.5026815
34.000587	0.50267977
34.020588	0.5026785
34.04059	0.50267816
34.06059	0.5026783
34.08059	0.5026779
34.10059	0.5026774
34.12059	0.5026766
34.14059	0.5026766
34.16059	0.5026776
34.18059	0.50267875
34.200592	0.5026792
34.220592	0.502679
34.240593	0.502679
34.260593	0.50267917
34.280594	0.5026784
34.300594	0.5026767
34.320595	0.5026747
34.340595	0.5026723
34.360596	0.50266963
34.380596	0.5026667
34.400597	0.5026634
34.420597	0.50265884
34.440598	0.50265384
34.460598	0.50264883
34.4806	0.50264424
34.5006	0.5026406
34.5206	0.50263745
34.5406	0.50263405
34.5606	0.50262946
34.5806	0.5026239
34.6006	0.502619
34.6206	0.5026156
34.640602	0.50261176
34.660603	0.5026064
34.680603	0.50259936
34.700603	0.50259155
34.720604	0.5025829
34.740604	0.5025732
34.760605	0.50256366
34.780605	0.5025549
34.800606	0.50254726
34.820606	0.50254095
34.840607	0.5025356
34.860607	0.5025308
34.880608	0.5025271
34.900608	0.50252485
34.92061	0.50252306
34.94061	0.50252205
34.96061	0.50252163
34.98061	0.50252175
35.00061	0.502522
35.02061	0.50252223
35.04061	0.50252247
35.06061	0.5025222
35.080612	0.50252175
35.100613	0.5025226
35.120613	0.5025241
35.140614	0.50252664
35.160614	0.50253
35.180614	0.50253344
35.200615	0.5025377
35.220615	0.50254226
35.240616	0.50254613
35.260616	0.5025492
35.280617	0.50255215
35.300617	0.50255513
35.320618	0.5025574
35.34062	0.50255954
35.36062	0.5025618
35.38062	0.5025635
35.40062	0.5025648
35.42062	0.502566
35.44062	0.50256675
35.46062	0.5025672
35.48062	0.5025669
35.50062	0.5025666
35.520622	0.5025655
35.540623	0.50256383
35.560623	0.5025631
35.580624	0.5025632
35.600624	0.5025635
35.620625	0.5025644
35.640625	0.5025658
35.660625	0.5025673
35.680626	0.5025692
35.700626	0.50257087
35.720627	0.5025717
35.740627	0.5025711
35.760628	0.5025704
35.78063	0.50257075
35.80063	0.5025708
35.82063	0.50257075
35.84063	0.5025716
35.86063	0.50257313
35.88063	0.50257486
35.90063	0.5025765
35.92063	0.502578
35.94063	0.50258017
35.960632	0.502583
35.980633	0.50258595
36.000633	0.5025884
36.020634	0.5025914
36.040634	0.5025948
36.060635	0.5025978
36.080635	0.5026
36.100636	0.50260246
36.120636	0.5026052
36.140636	0.50260794
36.160637	0.5026107
36.180637	0.5026132
36.200638	0.5026169
36.22064	0.50262165
36.24064	0.50262713
36.26064	0.5026332
36.28064	0.50263953
36.30064	0.5026456
36.32064	0.5026512
36.34064	0.5026568
36.36064	0.5026625
36.380642	0.502668
36.400642	0.50267357
36.420643	0.5026796
36.440643	0.50268525
36.460644	0.50268996
36.480644	0.50269437
36.500645	0.5026983
36.520645	0.5027019
36.540646	0.5027046
36.560646	0.5027056
36.580647	0.5027057
36.600647	0.5027051
36.620647	0.50270426
36.640648	0.50270414
36.66065	0.50270486
36.68065	0.5027064
36.70065	0.5027085
36.72065	0.50271136
36.74065	0.50271463
36.76065	0.50271815
36.78065	0.5027215
36.80065	0.5027241
36.820652	0.5027262
36.840652	0.5027272
36.860653	0.5027286
36.880653	0.50273085
36.900654	0.5027331
36.920654	0.5027355
36.940655	0.5027369
36.960655	0.5027375
36.980656	0.5027386
37.000656	0.5027407
37.020657	0.50274396
37.040657	0.50274825
37.060658	0.50275314
37.080658	0.50275815
37.10066	0.50276375
37.12066	0.50276965
37.14066	0.5027749
37.16066	0.5027793
37.18066	0.5027831
37.20066	0.5027858
37.22066	0.50278723
37.24066	0.5027883
37.260662	0.5027894
37.280663	0.50279075
37.300663	0.502793
37.320663	0.5027957
37.340664	0.5027983
37.360664	0.5028006
37.380665	0.5028027
37.400665	0.5028056
37.420666	0.5028082
37.440666	0.5028108
37.460667	0.5028126
37.480667	0.5028141
37.500668	0.5028167
37.520668	0.50281984
37.54067	0.50282407
37.56067	0.5028279
37.58067	0.50283015
37.60067	0.50283146
37.62067	0.5028321
37.64067	0.5028322
37.66067	0.5028316
37.68067	0.5028312
37.700672	0.5028305
37.720673	0.5028285
37.740673	0.5028256
37.760674	0.5028231
37.780674	0.5028205
37.800674	0.5028169
37.820675	0.5028126
37.840675	0.502808
37.860676	0.50280267
37.880676	0.5027973
37.900677	0.5027925
37.920677	0.5027883
37.940678	0.5027847
37.96068	0.5027818
37.98068	0.50277936
38.00068	0.5027772
38.02068	0.5027744
38.04068	0.50277114
38.06068	0.50276816
38.08068	0.50276625
38.10068	0.50276446
38.12068	0.5027621
38.140682	0.5027598
38.160683	0.50275767
38.180683	0.50275564
38.200684	0.5027543
38.220684	0.50275314
38.240685	0.50275123
38.260685	0.5027495
38.280685	0.5027488
38.300686	0.5027478
38.320686	0.50274646
38.340687	0.50274503
38.360687	0.5027439
38.380688	0.50274307
38.40069	0.5027422
38.42069	0.5027423
38.44069	0.50274366
38.46069	0.5027453
38.48069	0.50274736
38.50069	0.50275
38.52069	0.5027523
38.54069	0.50275373
38.56069	0.50275517
38.580692	0.50275785
38.600693	0.5027611
38.620693	0.5027648
38.640694	0.5027686
38.660694	0.50277185
38.680695	0.50277495
38.700695	0.50277865
38.720695	0.50278324
38.740696	0.50278795
38.760696	0.5027927
38.780697	0.50279737
38.800697	0.5028014
38.820698	0.50280404
38.8407	0.5028056
38.8607	0.502808
38.8807	0.5028118
38.9007	0.50281584
38.9207	0.50281966
38.9407	0.50282323
38.9607	0.5028274
38.9807	0.5028321
39.0007	0.5028368
39.020702	0.5028405
39.040703	0.50284326
39.060703	0.5028457
39.080704	0.5028478
39.100704	0.5028497
39.120705	0.50285137
39.140705	0.50285226
39.160706	0.5028522
39.180706	0.5028516
39.200706	0.502851
39.220707	0.5028508
39.240707	0.50285214
39.260708	0.50285447
39.28071	0.50285745
39.30071	0.5028615
39.32071	0.5028656
39.34071	0.50286996
39.36071	0.50287515
39.38071	0.50288093
39.40071	0.5028864
39.42071	0.5028912
39.440712	0.50289637
39.460712	0.5029017
39.480713	0.50290704
39.500713	0.50291204
39.520714	0.50291646
39.540714	0.50292015
39.560715	0.5029228
39.580715	0.5029247
39.600716	0.50292635
39.620716	0.5029285
39.640717	0.50293076
39.660717	0.5029329
39.680717	0.50293577
39.700718	0.5029394
39.72072	0.50294286
39.74072	0.5029459
39.76072	0.502949
39.78072	0.50295186
39.80072	0.50295496
39.82072	0.5029581
39.84072	0.50296104
39.86072	0.50296396
39.880722	0.50296605
39.900723	0.5029667
39.920723	0.502967
39.940723	0.50296783
39.960724	0.5029687
39.980724	0.50296926
40.000725	0.5029695
40.020725	0.50296974
40.040726	0.5029707
40.060726	0.5029714
40.080727	0.50297177
40.100727	0.5029725
40.120728	0.50297266
40.140728	0.5029727
40.16073	0.50297344
40.18073	0.5029737
40.20073	0.5029732
40.22073	0.50297236
40.24073	0.5029712
40.26073	0.5029696
40.28073	0.5029676
40.30073	0.50296587
40.320732	0.50296366
40.340733	0.5029603
40.360733	0.5029569
40.380733	0.50295424
40.400734	0.5029522
40.420734	0.5029499
40.440735	0.502947
40.460735	0.5029441
40.480736	0.50294095
40.500736	0.5029365
40.520737	0.50293183
40.540737	0.5029276
40.560738	0.502923
40.580738	0.50291836
40.60074	0.5029143
40.62074	0.50291014
40.64074	0.50290585
40.66074	0.50290245
40.68074	0.50289917
40.70074	0.5028963
40.72074	0.5028947
40.74074	0.5028939
40.760742	0.5028938
40.780743	0.5028941
40.800743	0.50289476
40.820744	0.50289595
40.840744	0.502898
40.860744	0.5029001
40.880745	0.50290203
40.900745	0.50290406
40.920746	0.50290626
40.940746	0.5029079
40.960747	0.50290984
40.980747	0.5029121
41.000748	0.5029142
41.02075	0.50291586
41.04075	0.5029177
41.06075	0.5029198
41.08075	0.50292104
41.10075	0.50292194
41.12075	0.502923
41.14075	0.5029244
41.16075	0.50292504
41.18075	0.50292516
41.200752	0.5029246
41.220753	0.5029229
41.240753	0.5029202
41.260754	0.50291693
41.280754	0.5029132
41.300755	0.5029091
41.320755	0.5029056
41.340755	0.50290257
41.360756	0.502899
41.380756	0.5028948
41.400757	0.50289136
41.420757	0.50288963
41.440758	0.502889
41.46076	0.5028882
41.48076	0.5028877
41.50076	0.50288844
41.52076	0.50288975
41.54076	0.5028907
41.56076	0.5028915
41.58076	0.5028925
41.60076	0.5028943
41.62076	0.5028968
41.640762	0.5028995
41.660763	0.50290245
41.680763	0.50290537
41.700764	0.50290823
41.720764	0.50291026
41.740765	0.50291187
41.760765	0.50291383
41.780766	0.5029161
41.800766	0.502919
41.820766	0.5029224
41.840767	0.50292546
41.860767	0.50292784
41.880768	0.50293034
41.90077	0.5029332
41.92077	0.5029367
41.94077	0.50294095
41.96077	0.50294614
41.98077	0.5029515
42.00077	0.5029566
42.02077	0.5029619
42.04077	0.50296706
42.060772	0.5029728
42.080772	0.50297964
42.100773	0.502987
42.120773	0.50299406
42.140774	0.5030011
42.160774	0.5030074
42.180775	0.5030122
42.200775	0.503015
42.220776	0.50301605
42.240776	0.5030166
42.260777	0.50301605
42.280777	0.5030155
42.300777	0.5030159
42.320778	0.5030165
42.34078	0.50301695
42.36078	0.5030165
42.38078	0.50301504
42.40078	0.503013
42.42078	0.5030108
42.44078	0.5030079
42.46078	0.50300455
42.48078	0.5030016
42.500782	0.5029994
42.520782	0.50299776
42.540783	0.50299627
42.560783	0.50299454
42.580784	0.5029924
42.600784	0.5029903
42.620785	0.5029888
42.640785	0.50298727
42.660786	0.50298536
42.680786	0.5029831
42.700787	0.50298053
42.720787	0.50297785
42.740788	0.5029743
42.760788	0.50297016
42.78079	0.5029665
42.80079	0.50296307
42.82079	0.5029583
42.84079	0.5029519
42.86079	0.5029449
42.88079	0.5029386
42.90079	0.50293255
42.92079	0.5029258
42.940792	0.50291836
42.960793	0.50291145
42.980793	0.5029054
43.000793	0.50289917
43.020794	0.50289243
43.040794	0.5028862
43.060795	0.5028811
43.080795	0.5028767
43.100796	0.50287235
43.120796	0.502869
43.140797	0.5028658
43.160797	0.50286174
43.180798	0.50285727
43.200798	0.5028528
43.2208	0.50284815
43.2408	0.50284386
43.2608	0.5028399
43.2808	0.50283575
43.3008	0.5028318
43.3208	0.50282806
43.3408	0.50282377
43.3608	0.50281996
43.380802	0.5028174
43.400803	0.50281465
43.420803	0.50281155
43.440804	0.5028087
43.460804	0.5028058
43.480804	0.502803
43.500805	0.50280106
43.520805	0.50279963
43.540806	0.5027982
43.560806	0.5027964
43.580807	0.502794
43.600807	0.5027908
43.620808	0.5027882
43.64081	0.5027863
43.66081	0.5027841
43.68081	0.50278234
43.70081	0.50278145
43.72081	0.5027807
43.74081	0.50277984
43.76081	0.50277853
43.78081	0.502776
43.80081	0.5027733
43.820812	0.5027707
43.840813	0.50276715
43.860813	0.5027628
43.880814	0.50275767
43.900814	0.50275123
43.920815	0.5027445
43.940815	0.50273824
43.960815	0.5027317
43.980816	0.502725
44.000816	0.5027187
44.020817	0.5027137
44.040817	0.50270927
44.060818	0.50270355
44.08082	0.50269675
44.10082	0.50269043
44.12082	0.50268495
44.14082	0.5026796
44.16082	0.5026739
44.18082	0.5026677
44.20082	0.5026612
44.22082	0.5026556
44.24082	0.5026507
44.260822	0.5026462
44.280823	0.50264156
44.300823	0.50263715
44.320824	0.50263315
44.340824	0.50262916
44.360825	0.50262547
44.380825	0.5026227
44.400826	0.5026211
44.420826	0.5026199
44.440826	0.50261986
44.460827	0.5026208
44.480827	0.50262123
44.500828	0.50262076
44.52083	0.50261986
44.54083	0.5026195
44.56083	0.5026192
44.58083	0.50261825
44.60083	0.5026165
44.62083	0.50261486
44.64083	0.5026137
44.66083	0.50261325
44.680832	0.50261295
44.700832	0.502612
44.720833	0.5026119
44.740833	0.5026125
44.760834	0.5026135
44.780834	0.5026146
44.800835	0.50261545
44.820835	0.5026158
44.840836	0.5026159
44.860836	0.5026159
44.880836	0.50261545
44.900837	0.502614
44.920837	0.5026126
44.940838	0.5026113
44.96084	0.5026096
44.98084	0.50260794
45.00084	0.5026064
45.02084	0.5026055
45.04084	0.50260466
45.06084	0.50260323
45.08084	0.5026008
45.10084	0.5025983
45.120842	0.50259596
45.140842	0.50259346
45.160843	0.50259066
45.180843	0.50258744
45.200844	0.5025842
45.220844	0.50258124
45.240845	0.5025783
45.260845	0.50257623
45.280846	0.50257397
45.300846	0.5025703
45.320847	0.5025658
45.340847	0.50256073
45.360847	0.50255585
45.380848	0.50255156
45.40085	0.50254714
45.42085	0.5025429
45.44085	0.50253963
45.46085	0.5025386
45.48085	0.5025395
45.50085	0.5025409
45.52085	0.5025426
45.54085	0.5025455
45.560852	0.50254965
45.580853	0.50255436
45.600853	0.50255847
45.620853	0.50256145
45.640854	0.50256455
45.660854	0.50256747
45.680855	0.5025682
45.700855	0.50256807
45.720856	0.50256884
45.740856	0.50257003
45.760857	0.50257045
45.780857	0.5025706
45.800858	0.50257134
45.820858	0.5025736
45.84086	0.5025765
45.86086	0.5025795
45.88086	0.5025831
45.90086	0.5025871
45.92086	0.502591
45.94086	0.5025941
45.96086	0.50259745
45.98086	0.5026003
46.000862	0.50260216
46.020863	0.50260377
46.040863	0.50260466
46.060863	0.50260556
46.080864	0.50260717
46.100864	0.5026089
46.120865	0.5026103
46.140865	0.50261074
46.160866	0.50261104
46.180866	0.50261164
46.200867	0.502612
46.220867	0.50261307
46.240868	0.50261444
46.260868	0.50261605
46.28087	0.5026179
46.30087	0.50261986
46.32087	0.5026221
46.34087	0.50262445
46.36087	0.50262666
46.38087	0.5026283
46.40087	0.50263053
46.42087	0.5026336
46.440872	0.5026381
46.460873	0.50264394
46.480873	0.5026511
46.500874	0.5026586
46.520874	0.5026654
46.540874	0.5026722
46.560875	0.50267935
46.580875	0.50268674
46.600876	0.5026945
46.620876	0.5027029
46.640877	0.50271094
46.660877	0.50271714
46.680878	0.5027226
46.70088	0.5027281
46.72088	0.5027331
46.74088	0.50273836
46.76088	0.5027442
46.78088	0.50274986
46.80088	0.50275487
46.82088	0.5027592
46.84088	0.5027632
46.86088	0.5027676
46.880882	0.5027722
46.900883	0.5027766
46.920883	0.50278175
46.940884	0.50278723
46.960884	0.5027931
46.980885	0.5027996
47.000885	0.50280666
47.020885	0.5028137
47.040886	0.50281954
47.060886	0.5028242
47.080887	0.502828
47.100887	0.5028306
47.120888	0.50283235
47.14089	0.5028341
47.16089	0.5028366
47.18089	0.5028391
47.20089	0.50284123
47.22089	0.50284374
47.24089	0.5028466
47.26089	0.5028487
47.28089	0.50285006
47.30089	0.50285137
47.320892	0.50285184
47.340893	0.50285196
47.360893	0.50285286
47.380894	0.5028548
47.400894	0.50285685
47.420895	0.50285816
47.440895	0.50285864
47.460896	0.5028585
47.480896	0.5028583
47.500896	0.5028587
47.520897	0.5028597
47.540897	0.5028605
47.560898	0.50286114
47.5809	0.5028623
47.6009	0.5028639
47.6209	0.5028652
47.6409	0.5028659
47.6609	0.5028658
47.6809	0.5028652
47.7009	0.5028648
47.7209	0.50286525
47.740902	0.50286627
47.760902	0.5028682
47.780903	0.50287056
47.800903	0.5028726
47.820904	0.50287384
47.840904	0.502874
47.860905	0.5028737
47.880905	0.5028724
47.900906	0.50287086
47.920906	0.5028697
47.940907	0.50286853
47.960907	0.5028666
47.980907	0.50286376
48.000908	0.50286025
48.02091	0.50285673
48.04091	0.5028536
48.06091	0.5028502
48.08091	0.5028461
48.10091	0.5028415
48.12091	0.50283676
48.14091	0.50283146
48.16091	0.5028248
48.180912	0.50281686
48.200912	0.502809
48.220913	0.5028014
48.240913	0.502794
48.260914	0.50278646
48.280914	0.5027791
48.300915	0.5027728
48.320915	0.50276697
48.340916	0.5027619
48.360916	0.5027579
48.380917	0.5027536
48.400917	0.5027489
48.420918	0.5027442
48.440918	0.5027391
48.46092	0.50273407
48.48092	0.5027299
48.50092	0.502726
48.52092	0.50272226
48.54092	0.50271845
48.56092	0.5027143
48.58092	0.50271064
48.60092	0.5027077
48.620922	0.5027046
48.640923	0.5027025
48.660923	0.5027009
48.680923	0.5026994
48.700924	0.5026982
48.720924	0.50269705
48.740925	0.50269604
48.760925	0.502696
48.780926	0.50269675
48.800926	0.5026972
48.820927	0.5026972
48.840927	0.5026971
48.860928	0.50269663
48.880928	0.50269616
48.90093	0.5026958
48.92093	0.50269485
48.94093	0.5026939
48.96093	0.50269365
48.98093	0.5026934
49.00093	0.50269234
49.02093	0.5026908
49.04093	0.50268906
49.060932	0.50268704
49.080933	0.50268596
49.100933	0.502686
49.120934	0.5026866
49.140934	0.50268686
49.160934	0.5026869
49.180935	0.5026873
49.200935	0.50268805
49.220936	0.50269043
49.240936	0.50269437
49.260937	0.5026975
49.280937	0.5026996
49.300938	0.5027008
49.32094	0.5027008
49.34094	0.50270045
49.36094	0.5027001
49.38094	0.5026996
49.40094	0.5026989
49.42094	0.5026988
49.44094	0.50270003
49.46094	0.50270194
49.48094	0.50270367
49.500942	0.5027051
49.520943	0.5027065
49.540943	0.50270844
49.560944	0.5027105
49.580944	0.5027125
49.600945	0.50271523
49.620945	0.5027188
49.640945	0.502722
49.660946	0.5027251
49.680946	0.502728
49.700947	0.50273025
49.720947	0.50273126
49.740948	0.50273204
49.76095	0.502733
49.78095	0.502733
49.80095	0.5027328
49.82095	0.5027335
49.84095	0.50273436
49.86095	0.50273556
49.88095	0.50273776
49.90095	0.5027395
49.92095	0.50274146
49.940952	0.5027438
49.960953	0.5027459
49.980953	0.5027474
50.0	0.502748
