0.0	0.60000026
0.02	0.5999917
0.04	0.59996605
0.06	0.5999238
0.08	0.5998659
0.099999994	0.59979284
0.11999999	0.59970504
0.13999999	0.59960365
0.15999998	0.5994897
0.17999998	0.59936327
0.19999997	0.599224
0.21999997	0.59907293
0.23999996	0.5989102
0.25999996	0.59873563
0.27999997	0.59855026
0.29999998	0.5983544
0.32	0.5981491
0.34	0.59793484
0.36	0.5977116
0.38000003	0.5974797
0.40000004	0.5972398
0.42000005	0.59699124
0.44000006	0.59673434
0.46000007	0.59647036
0.48000008	0.5961989
0.50000006	0.5959197
0.52000004	0.5956336
0.54	0.5953415
0.56	0.59504294
0.58	0.5947386
0.59999996	0.5944294
0.61999995	0.5941154
0.6399999	0.5937959
0.6599999	0.59347165
0.6799999	0.59314346
0.69999987	0.59281075
0.71999985	0.592474
0.73999983	0.5921334
0.7599998	0.5917897
0.7799998	0.5914434
0.7999998	0.59109473
0.81999975	0.5907434
0.83999974	0.59038866
0.8599997	0.5900302
0.8799997	0.5896689
0.8999997	0.58930653
0.91999966	0.5889424
0.93999964	0.5885758
0.9599996	0.5882071
0.9799996	0.58783674
0.9999996	0.5874639
1.0199996	0.5870887
1.0399996	0.5867121
1.0599996	0.5863352
1.0799996	0.58595693
1.0999995	0.5855775
1.1199995	0.58519804
1.1399995	0.5848187
1.1599995	0.5844389
1.1799995	0.5840584
1.1999995	0.5836774
1.2199994	0.58329606
1.2399994	0.5829152
1.2599994	0.582534
1.2799994	0.5821517
1.2999994	0.5817697
1.3199993	0.58138776
1.3399993	0.5810051
1.3599993	0.58062124
1.3799993	0.580237
1.3999993	0.5798521
1.4199992	0.5794673
1.4399992	0.5790839
1.4599992	0.5787022
1.4799992	0.5783199
1.4999992	0.57793677
1.5199991	0.5775541
1.5399991	0.57717264
1.5599991	0.57679284
1.5799991	0.57641476
1.5999991	0.5760376
1.619999	0.5756612
1.639999	0.57528555
1.659999	0.57491064
1.679999	0.57453597
1.699999	0.57416207
1.719999	0.5737891
1.7399989	0.57341707
1.7599989	0.57304573
1.7799989	0.5726757
1.7999989	0.5723071
1.8199989	0.57194006
1.8399988	0.5715748
1.8599988	0.57121027
1.8799988	0.5708465
1.8999988	0.5704838
1.9199988	0.5701223
1.9399987	0.5697634
1.9599987	0.56940603
1.9799987	0.56904936
1.9999987	0.5686934
2.0199988	0.568338
2.0399988	0.5679837
2.0599988	0.56763107
2.0799987	0.5672791
2.0999987	0.566928
2.1199987	0.56657887
2.1399987	0.5662323
2.1599987	0.5658878
2.1799986	0.565546
2.1999986	0.5652063
2.2199986	0.56486857
2.2399986	0.56453246
2.2599986	0.56419754
2.2799985	0.56386405
2.2999985	0.5635328
2.3199985	0.56320393
2.3399985	0.5628758
2.3599985	0.5625479
2.3799984	0.56222117
2.3999984	0.5618958
2.4199984	0.5615715
2.4399984	0.5612488
2.4599984	0.5609283
2.4799984	0.56060976
2.4999983	0.5602932
2.5199983	0.55997837
2.5399983	0.5596651
2.5599983	0.5593536
2.5799983	0.5590439
2.5999982	0.5587357
2.6199982	0.5584284
2.6399982	0.5581217
2.6599982	0.55781686
2.6799982	0.55751383
2.6999981	0.557213
2.7199981	0.5569146
2.739998	0.55661726
2.759998	0.55632126
2.779998	0.55602694
2.799998	0.5557333
2.819998	0.5554409
2.839998	0.5551493
2.859998	0.5548592
2.879998	0.55457157
2.899998	0.55428517
2.919998	0.5539992
2.939998	0.5537139
2.959998	0.5534296
2.9799979	0.5531467
2.9999979	0.5528654
3.0199978	0.55258554
3.0399978	0.55230707
3.0599978	0.5520303
3.0799978	0.55175513
3.0999978	0.5514807
3.1199977	0.5512073
3.1399977	0.5509354
3.1599977	0.5506647
3.1799977	0.55039525
3.1999977	0.5501274
3.2199976	0.54986095
3.2399976	0.549596
3.2599976	0.54933226
3.2799976	0.5490698
3.2999976	0.54880977
3.3199975	0.5485526
3.3399975	0.5482973
3.3599975	0.54804385
3.3799975	0.54779196
3.3999975	0.54754174
3.4199975	0.5472936
3.4399974	0.54704624
3.4599974	0.5468
3.4799974	0.546556
3.4999974	0.54631376
3.5199974	0.5460721
3.5399973	0.5458307
3.5599973	0.5455905
3.5799973	0.545351
3.5999973	0.545112
3.6199973	0.5448743
3.6399972	0.5446378
3.6599972	0.54440236
3.6799972	0.54416764
3.6999972	0.5439339
3.7199972	0.5437015
3.7399971	0.5434704
3.7599971	0.5432414
3.779997	0.54301465
3.799997	0.5427891
3.819997	0.5425651
3.839997	0.54234266
3.859997	0.5421214
3.879997	0.5419003
3.899997	0.5416794
3.919997	0.54145944
3.939997	0.5412401
3.959997	0.5410224
3.979997	0.5408062
3.999997	0.5405903
4.019997	0.54037535
4.039997	0.54016155
4.059997	0.5399498
4.079997	0.53974015
4.099997	0.5395316
4.119997	0.539323
4.139997	0.5391146
4.159997	0.5389072
4.179997	0.53870034
4.199997	0.53849465
4.219997	0.53829086
4.239997	0.53808796
4.259997	0.53788626
4.279997	0.5376867
4.299997	0.537488
4.319997	0.5372903
4.339997	0.5370942
4.359997	0.5368992
4.379997	0.53670526
4.3999968	0.5365131
4.4199967	0.5363219
4.4399967	0.53613067
4.4599967	0.5359402
4.4799967	0.5357511
4.4999967	0.535563
4.5199966	0.53537464
4.5399966	0.53518647
4.5599966	0.53499836
4.5799966	0.5348102
4.5999966	0.53462315
4.6199965	0.53443766
4.6399965	0.5342532
4.6599965	0.5340701
4.6799965	0.5338892
4.6999965	0.53370905
4.7199965	0.5335298
4.7399964	0.5333516
4.7599964	0.5331728
4.7799964	0.53299403
4.7999964	0.5328162
4.8199964	0.53263986
4.8399963	0.53246534
4.8599963	0.53229165
4.8799963	0.5321187
4.8999963	0.5319462
4.9199963	0.5317745
4.9399962	0.5316034
4.959996	0.53143376
4.979996	0.5312662
4.999996	0.53110033
5.019996	0.5309357
5.039996	0.5307726
5.059996	0.53061086
5.079996	0.5304495
5.099996	0.5302889
5.119996	0.5301303
5.139996	0.52997327
5.159996	0.5298166
5.179996	0.52966005
5.199996	0.5295042
5.219996	0.52934945
5.239996	0.5291953
5.259996	0.5290425
5.279996	0.5288905
5.299996	0.5287396
5.319996	0.5285902
5.339996	0.5284414
5.359996	0.5282936
5.379996	0.52814686
5.399996	0.5280004
5.419996	0.5278542
5.439996	0.5277084
5.4599957	0.5275631
5.4799957	0.52741766
5.4999957	0.5272729
5.5199957	0.52712893
5.5399957	0.526985
5.5599957	0.5268413
5.5799956	0.5266982
5.5999956	0.5265559
5.6199956	0.526415
5.6399956	0.5262748
5.6599956	0.52613485
5.6799955	0.5259956
5.6999955	0.52585876
5.7199955	0.52572405
5.7399955	0.5255903
5.7599955	0.52545655
5.7799954	0.5253234
5.7999954	0.52519244
5.8199954	0.52506256
5.8399954	0.52493215
5.8599954	0.52480114
5.8799953	0.5246693
5.8999953	0.5245379
5.9199953	0.52440715
5.9399953	0.524276
5.9599953	0.52414525
5.9799953	0.5240159
5.999995	0.52388763
6.019995	0.5237607
6.039995	0.5236355
6.059995	0.52351075
6.079995	0.5233857
6.099995	0.52326083
6.119995	0.523137
6.139995	0.52301455
6.159995	0.5228927
6.179995	0.5227717
6.199995	0.5226517
6.219995	0.5225327
6.239995	0.5224147
6.259995	0.52229726
6.279995	0.52218086
6.299995	0.52206576
6.319995	0.52195156
6.339995	0.52183867
6.359995	0.5217266
6.379995	0.5216147
6.399995	0.5215032
6.419995	0.52139276
6.439995	0.5212833
6.459995	0.52117574
6.479995	0.5210699
6.4999948	0.52096426
6.5199947	0.5208583
6.5399947	0.520752
6.5599947	0.52064604
6.5799947	0.5205413
6.5999947	0.52043664
6.6199946	0.520331
6.6399946	0.52022517
6.6599946	0.5201194
6.6799946	0.52001464
6.6999946	0.5199106
6.7199945	0.51980686
6.7399945	0.51970375
6.7599945	0.5196013
6.7799945	0.5194999
6.7999945	0.51939934
6.8199944	0.51929975
6.8399944	0.51919997
6.8599944	0.5190995
6.8799944	0.5189985
6.8999944	0.51889765
6.9199944	0.51879734
6.9399943	0.5186977
6.9599943	0.5185977
6.9799943	0.51849794
6.9999943	0.51839894
7.0199943	0.5182997
7.0399942	0.5181999
7.059994	0.5180998
7.079994	0.5179992
7.099994	0.5178985
7.119994	0.517799
7.139994	0.5177002
7.159994	0.51760066
7.179994	0.5175007
7.199994	0.51740193
7.219994	0.51730466
7.239994	0.5172084
7.259994	0.5171128
7.279994	0.5170182
7.299994	0.5169245
7.319994	0.51683176
7.339994	0.51674026
7.359994	0.516649
7.379994	0.5165576
7.399994	0.51646626
7.419994	0.51637423
7.439994	0.51628244
7.459994	0.51619196
7.479994	0.5161027
7.499994	0.51601434
7.519994	0.5159272
7.539994	0.51584184
7.5599937	0.5157573
7.5799937	0.5156719
7.5999937	0.51558554
7.6199937	0.5154994
7.6399937	0.51541317
7.6599936	0.51532656
7.6799936	0.5152401
7.6999936	0.51515365
7.7199936	0.5150676
7.7399936	0.5149819
7.7599936	0.51489645
7.7799935	0.5148114
7.7999935	0.5147264
7.8199935	0.5146413
7.8399935	0.5145562
7.8599935	0.51447195
7.8799934	0.51438856
7.8999934	0.5143052
7.9199934	0.5142214
7.9399934	0.51413846
7.9599934	0.51405627
7.9799933	0.5139744
7.9999933	0.51389337
8.019994	0.5138135
8.039994	0.5137341
8.059995	0.5136547
8.079995	0.51357543
8.099996	0.5134957
8.119996	0.51341546
8.139997	0.51333565
8.159997	0.51325655
8.179997	0.5131775
8.199998	0.5130978
8.219998	0.51301765
8.239999	0.5129379
8.259999	0.51285845
8.28	0.512779
8.3	0.51269877
8.320001	0.5126189
8.340001	0.51253986
8.360002	0.51246095
8.380002	0.5123825
8.4000025	0.5123043
8.420003	0.51222694
8.440003	0.51215106
8.460004	0.5120754
8.480004	0.5119992
8.500005	0.5119229
8.520005	0.5118465
8.540006	0.51177025
8.560006	0.5116943
8.580007	0.51161885
8.600007	0.51154417
8.6200075	0.5114692
8.640008	0.5113939
8.660008	0.5113187
8.680009	0.5112433
8.700009	0.51116824
8.72001	0.5110945
8.74001	0.51102203
8.760011	0.51094985
8.780011	0.51087785
8.800012	0.51080674
8.820012	0.5107351
8.840013	0.5106614
8.860013	0.5105881
8.880013	0.5105165
8.900014	0.5104461
8.920014	0.5103764
8.940015	0.51030767
8.960015	0.51023984
8.980016	0.510172
9.000016	0.5101038
9.020017	0.51003593
9.040017	0.50996816
9.060018	0.50989985
9.080018	0.50983155
9.1000185	0.50976324
9.120019	0.50969446
9.140019	0.5096259
9.16002	0.5095576
9.18002	0.5094887
9.200021	0.5094203
9.220021	0.50935346
9.240022	0.50928783
9.260022	0.50922346
9.280023	0.5091596
9.300023	0.5090955
9.320024	0.50903153
9.340024	0.5089681
9.360024	0.5089054
9.380025	0.5088433
9.400025	0.50878114
9.420026	0.50871944
9.440026	0.50865746
9.460027	0.5085954
9.480027	0.50853395
9.500028	0.50847244
9.520028	0.50841105
9.540029	0.50835097
9.560029	0.508292
9.5800295	0.50823367
9.60003	0.50817543
9.62003	0.50811744
9.640031	0.50805974
9.660031	0.5080023
9.680032	0.5079447
9.700032	0.50788766
9.720033	0.5078318
9.740033	0.5077768
9.760034	0.5077222
9.780034	0.5076673
9.8000345	0.5076123
9.820035	0.5075571
9.840035	0.507502
9.860036	0.50744706
9.880036	0.50739276
9.900037	0.50733954
9.920037	0.50728655
9.940038	0.507234
9.960038	0.5071813
9.980039	0.5071284
10.000039	0.5070756
10.02004	0.50702256
10.04004	0.50697064
10.06004	0.50691897
10.080041	0.5068667
10.100041	0.5068148
10.120042	0.5067626
10.140042	0.50671136
10.160043	0.50666225
10.180043	0.5066142
10.200044	0.5065663
10.220044	0.5065178
10.240045	0.5064688
10.260045	0.5064185
10.2800455	0.5063679
10.300046	0.506317
10.320046	0.5062653
10.340047	0.50621355
10.360047	0.50616217
10.380048	0.5061114
10.400048	0.50606143
10.420049	0.50601166
10.440049	0.5059615
10.46005	0.5059105
10.48005	0.5058595
10.500051	0.5058094
10.520051	0.50576025
10.540051	0.5057111
10.560052	0.5056612
10.580052	0.5056104
10.600053	0.5055603
10.620053	0.50551105
10.640054	0.50546193
10.660054	0.5054139
10.680055	0.5053668
10.700055	0.5053204
10.720056	0.50527495
10.740056	0.5052307
10.7600565	0.5051874
10.780057	0.5051442
10.800057	0.5051019
10.820058	0.50506026
10.840058	0.5050193
10.860059	0.5049784
10.880059	0.5049376
10.90006	0.504898
10.92006	0.50486034
10.940061	0.5048231
10.960061	0.50478494
10.980062	0.50474644
11.000062	0.5047075
11.020062	0.5046682
11.040063	0.5046285
11.060063	0.50458825
11.080064	0.50454754
11.100064	0.5045066
11.120065	0.5044663
11.140065	0.5044267
11.160066	0.50438786
11.180066	0.5043493
11.200067	0.5043113
11.220067	0.50427425
11.2400675	0.5042376
11.260068	0.50420094
11.280068	0.50416416
11.300069	0.50412726
11.320069	0.5040903
11.34007	0.50405294
11.36007	0.50401545
11.380071	0.50397825
11.400071	0.5039423
11.420072	0.5039071
11.440072	0.50387174
11.4600725	0.50383717
11.480073	0.50380313
11.500073	0.50376844
11.520074	0.5037337
11.540074	0.50369895
11.560075	0.5036635
11.580075	0.5036272
11.600076	0.50359046
11.620076	0.5035538
11.640077	0.5035168
11.660077	0.5034789
11.680078	0.5034414
11.700078	0.50340503
11.720078	0.5033691
11.740079	0.5033337
11.760079	0.5032991
11.78008	0.5032661
11.80008	0.5032327
11.820081	0.5031975
11.840081	0.50316167
11.860082	0.5031259
11.880082	0.50309074
11.900083	0.5030559
11.920083	0.50302076
11.9400835	0.5029857
11.960084	0.5029514
11.980084	0.50291747
12.000085	0.5028842
12.020085	0.50285184
12.040086	0.5028199
12.060086	0.502787
12.080087	0.5027544
12.100087	0.5027225
12.120088	0.5026905
12.140088	0.5026586
12.160089	0.50262654
12.180089	0.50259507
12.200089	0.5025635
12.22009	0.50253224
12.24009	0.5025018
12.260091	0.50247216
12.280091	0.5024437
12.300092	0.50241524
12.320092	0.5023866
12.340093	0.5023581
12.360093	0.5023293
12.380094	0.5022998
12.400094	0.50227046
12.4200945	0.50224125
12.440095	0.5022115
12.460095	0.5021817
12.480096	0.5021534
12.500096	0.50212574
12.520097	0.5020982
12.540097	0.50207096
12.560098	0.5020424
12.580098	0.50201297
12.600099	0.5019841
12.620099	0.5019559
12.6401	0.5019277
12.6601	0.501899
12.6801	0.50187147
12.700101	0.50184613
12.720101	0.50182235
12.740102	0.50179887
12.760102	0.501775
12.780103	0.501752
12.800103	0.5017305
12.820104	0.5017088
12.840104	0.5016876
12.860105	0.50166625
12.880105	0.5016439
12.900105	0.50162065
12.920106	0.50159657
12.940106	0.5015733
12.960107	0.5015508
12.980107	0.5015279
13.000108	0.50150454
13.020108	0.5014809
13.040109	0.5014578
13.060109	0.5014345
13.08011	0.50141025
13.10011	0.50138664
13.1201105	0.5013639
13.140111	0.5013414
13.160111	0.50131905
13.180112	0.50129616
13.200112	0.5012729
13.220113	0.5012494
13.240113	0.50122523
13.260114	0.50120085
13.280114	0.5011769
13.300115	0.5011534
13.320115	0.5011293
13.340116	0.50110435
13.360116	0.5010792
13.380116	0.5010543
13.400117	0.5010299
13.420117	0.50100577
13.440118	0.50098234
13.460118	0.50096005
13.480119	0.50093806
13.500119	0.50091684
13.52012	0.50089586
13.54012	0.50087416
13.560121	0.5008524
13.580121	0.50083053
13.6001215	0.50080895
13.620122	0.50078714
13.640122	0.5007646
13.660123	0.5007417
13.680123	0.50071865
13.700124	0.50069433
13.720124	0.5006693
13.740125	0.5006448
13.760125	0.5006207
13.780126	0.50059736
13.800126	0.50057435
13.820127	0.5005497
13.840127	0.50052446
13.860127	0.50049955
13.880128	0.50047445
13.900128	0.50044876
13.920129	0.50042236
13.940129	0.5003958
13.96013	0.5003693
13.98013	0.5003431
14.000131	0.5003178
14.020131	0.50029385
14.040132	0.5002691
14.060132	0.5002441
14.0801325	0.50021935
14.100133	0.5001943
14.120133	0.5001694
14.140134	0.50014424
14.160134	0.50011903
14.180135	0.5000937
14.200135	0.5000682
14.220136	0.5000434
14.240136	0.50001967
14.260137	0.49999624
14.280137	0.49997297
14.3001375	0.4999496
14.320138	0.4999267
14.340138	0.49990374
14.360139	0.49988052
14.380139	0.4998575
14.40014	0.4998346
14.42014	0.49981213
14.440141	0.49978894
14.460141	0.49976546
14.480142	0.49974284
14.500142	0.49972004
14.520143	0.49969614
14.540143	0.49967062
14.560143	0.49964353
14.580144	0.49961597
14.600144	0.49958795
14.620145	0.4995599
14.640145	0.49953204
14.660146	0.49950457
14.680146	0.49947798
14.700147	0.49945253
14.720147	0.4994278
14.740148	0.49940306
14.760148	0.49937892
14.7801485	0.4993551
14.800149	0.499331
14.820149	0.49930668
14.84015	0.49928236
14.86015	0.4992585
14.880151	0.4992346
14.900151	0.49921006
14.920152	0.49918538
14.940152	0.49916023
14.960153	0.49913454
14.980153	0.49910972
15.000154	0.49908587
15.020154	0.49906266
15.040154	0.49903965
15.060155	0.49901614
15.080155	0.4989928
15.100156	0.49897063
15.120156	0.49894905
15.140157	0.49892738
15.160157	0.49890652
15.180158	0.4988864
15.200158	0.49886656
15.220159	0.49884677
15.240159	0.4988271
15.2601595	0.498807
15.28016	0.4987866
15.30016	0.49876642
15.320161	0.49874654
15.340161	0.49872753
15.360162	0.49870896
15.380162	0.4986901
15.400163	0.4986722
15.420163	0.4986548
15.440164	0.49863726
15.460164	0.49862006
15.480165	0.4986025
15.500165	0.498585
15.520165	0.49856824
15.540166	0.49855253
15.560166	0.49853837
15.580167	0.49852487
15.600167	0.49851158
15.620168	0.49849838
15.640168	0.49848485
15.660169	0.4984713
15.680169	0.4984583
15.70017	0.49844605
15.72017	0.498434
15.7401705	0.49842176
15.760171	0.49841005
15.780171	0.4983983
15.800172	0.49838623
15.820172	0.49837446
15.840173	0.49836212
15.860173	0.49834853
15.880174	0.49833423
15.900174	0.49831998
15.920175	0.49830642
15.940175	0.49829292
15.9601755	0.4982793
15.980176	0.4982664
16.000175	0.49825394
16.020176	0.4982413
16.040176	0.49822825
16.060177	0.4982152
16.080177	0.49820155
16.100178	0.4981869
16.120178	0.49817201
16.140179	0.49815738
16.16018	0.49814284
16.18018	0.49812788
16.20018	0.4981124
16.22018	0.49809748
16.240181	0.49808237
16.260181	0.49806684
16.280182	0.4980509
16.300182	0.49803418
16.320183	0.49801713
16.340183	0.49800077
16.360184	0.49798563
16.380184	0.4979713
16.400185	0.49795744
16.420185	0.49794382
16.440186	0.49793112
16.460186	0.49791896
16.480186	0.49790716
16.500187	0.49789625
16.520187	0.49788553
16.540188	0.49787402
16.560188	0.49786186
16.580189	0.4978501
16.60019	0.49783942
16.62019	0.49782938
16.64019	0.49781924
16.66019	0.49780875
16.680191	0.49779746
16.700191	0.49778605
16.720192	0.49777454
16.740192	0.49776304
16.760193	0.49775165
16.780193	0.49773982
16.800194	0.49772778
16.820194	0.4977166
16.840195	0.49770707
16.860195	0.49769825
16.880196	0.4976887
16.900196	0.4976779
16.920197	0.49766558
16.940197	0.4976528
16.960197	0.49764025
16.980198	0.4976267
17.000198	0.4976124
17.020199	0.4975986
17.0402	0.49758533
17.0602	0.49757177
17.0802	0.4975586
17.1002	0.4975467
17.120201	0.4975358
17.140202	0.49752483
17.160202	0.4975142
17.180202	0.49750346
17.200203	0.49749213
17.220203	0.4974809
17.240204	0.49747026
17.260204	0.4974606
17.280205	0.49745184
17.300205	0.4974429
17.320206	0.49743295
17.340206	0.49742234
17.360207	0.49741167
17.380207	0.4974005
17.400208	0.4973887
17.420208	0.49737704
17.440208	0.49736583
17.460209	0.49735558
17.48021	0.49734634
17.50021	0.49733746
17.52021	0.49732855
17.54021	0.49731943
17.560211	0.49731004
17.580212	0.49730083
17.600212	0.49729252
17.620213	0.49728435
17.640213	0.4972756
17.660213	0.49726596
17.680214	0.49725538
17.700214	0.49724412
17.720215	0.49723196
17.740215	0.49721968
17.760216	0.49720755
17.780216	0.4971955
17.800217	0.49718443
17.820217	0.49717355
17.840218	0.49716255
17.860218	0.49715102
17.880219	0.4971388
17.900219	0.49712688
17.92022	0.49711406
17.94022	0.49709916
17.96022	0.4970829
17.98022	0.4970659
18.000221	0.49704814
18.020222	0.49703026
18.040222	0.49701273
18.060223	0.4969957
18.080223	0.49697882
18.100224	0.49696186
18.120224	0.49694556
18.140224	0.4969303
18.160225	0.496915
18.180225	0.49690002
18.200226	0.49688524
18.220226	0.4968701
18.240227	0.49685448
18.260227	0.4968386
18.280228	0.49682236
18.300228	0.49680495
18.320229	0.4967872
18.340229	0.49676937
18.36023	0.49675143
18.38023	0.49673313
18.40023	0.49671412
18.42023	0.4966951
18.440231	0.49667662
18.460232	0.49665958
18.480232	0.49664333
18.500233	0.4966275
18.520233	0.49661198
18.540234	0.49659714
18.560234	0.4965828
18.580235	0.49656814
18.600235	0.49655396
18.620235	0.4965397
18.640236	0.4965263
18.660236	0.49651444
18.680237	0.49650222
18.700237	0.4964889
18.720238	0.49647498
18.740238	0.49646106
18.760239	0.49644744
18.78024	0.49643373
18.80024	0.4964196
18.82024	0.49640554
18.84024	0.49639228
18.86024	0.4963801
18.880241	0.4963686
18.900242	0.4963573
18.920242	0.49634618
18.940243	0.4963355
18.960243	0.4963251
18.980244	0.49631524
19.000244	0.49630544
19.020245	0.4962948
19.040245	0.49628383
19.060246	0.49627322
19.080246	0.4962629
19.100246	0.4962535
19.120247	0.49624562
19.140247	0.49623796
19.160248	0.49622977
19.180248	0.496222
19.200249	0.4962151
19.22025	0.49620837
19.24025	0.49620152
19.26025	0.49619523
19.28025	0.4961887
19.300251	0.49618262
19.320251	0.49617755
19.340252	0.49617228
19.360252	0.49616688
19.380253	0.49616194
19.400253	0.4961574
19.420254	0.49615207
19.440254	0.4961465
19.460255	0.4961427
19.480255	0.49614006
19.500256	0.49613675
19.520256	0.49613172
19.540257	0.49612603
19.560257	0.49612027
19.580257	0.4961145
19.600258	0.49610794
19.620258	0.49610075
19.640259	0.4960937
19.66026	0.4960855
19.68026	0.496076
19.70026	0.49606603
19.72026	0.49605718
19.740261	0.4960481
19.760262	0.49603862
19.780262	0.49602976
19.800262	0.49601996
19.820263	0.49600953
19.840263	0.49600008
19.860264	0.49599096
19.880264	0.49598208
19.900265	0.4959737
19.920265	0.49596566
19.940266	0.49595794
19.960266	0.49595118
19.980267	0.49594498
20.000267	0.49593925
20.020267	0.49593514
20.040268	0.49593106
20.060268	0.49592683
20.080269	0.49592316
20.10027	0.49591994
20.12027	0.49591672
20.14027	0.49591264
20.16027	0.49590778
20.180271	0.49590352
20.200272	0.49589962
20.220272	0.4958955
20.240273	0.4958918
20.260273	0.49588788
20.280273	0.49588355
20.300274	0.49587908
20.320274	0.49587423
20.340275	0.49586904
20.360275	0.4958645
20.380276	0.49585983
20.400276	0.4958535
20.420277	0.49584663
20.440277	0.49584052
20.460278	0.49583507
20.480278	0.4958301
20.500278	0.49582487
20.520279	0.49581942
20.54028	0.4958141
20.56028	0.49580827
20.58028	0.49580243
20.60028	0.49579722
20.620281	0.49579218
20.640282	0.49578738
20.660282	0.49578232
20.680283	0.495776
20.700283	0.49576873
20.720284	0.49576136
20.740284	0.49575308
20.760284	0.4957437
20.780285	0.49573374
20.800285	0.49572474
20.820286	0.49571675
20.840286	0.49570912
20.860287	0.4957021
20.880287	0.49569553
20.900288	0.4956894
20.920288	0.49568427
20.940289	0.49567932
20.960289	0.49567384
20.98029	0.49566785
21.00029	0.495662
21.02029	0.49565575
21.04029	0.49564844
21.060291	0.495641
21.080292	0.49563432
21.100292	0.49562776
21.120293	0.49562106
21.140293	0.49561495
21.160294	0.4956091
21.180294	0.49560276
21.200294	0.49559632
21.220295	0.4955901
21.240295	0.4955836
21.260296	0.49557695
21.280296	0.4955706
21.300297	0.49556482
21.320297	0.49555844
21.340298	0.49555206
21.360298	0.49554676
21.380299	0.49554136
21.4003	0.49553564
21.4203	0.49553075
21.4403	0.49552715
21.4603	0.49552423
21.4803	0.49552107
21.500301	0.4955176
21.520302	0.4955138
21.540302	0.49550954
21.560303	0.4955055
21.580303	0.4955021
21.600304	0.49549899
21.620304	0.49549472
21.640305	0.49548957
21.660305	0.49548572
21.680305	0.49548373
21.700306	0.4954835
21.720306	0.4954843
21.740307	0.495485
21.760307	0.4954856
21.780308	0.49548614
21.800308	0.49548668
21.820309	0.49548805
21.84031	0.49548963
21.86031	0.49549115
21.88031	0.49549296
21.90031	0.49549466
21.920311	0.4954961
21.940311	0.49549735
21.960312	0.495499
21.980312	0.4955017
22.000313	0.49550462
22.020313	0.49550653
22.040314	0.49550712
22.060314	0.4955073
22.080315	0.49550742
22.100315	0.49550712
22.120316	0.49550468
22.140316	0.49550024
22.160316	0.49549568
22.180317	0.49549043
22.200317	0.49548563
22.220318	0.49548203
22.240318	0.49547794
22.260319	0.4954741
22.28032	0.49547184
22.30032	0.49547046
22.32032	0.49546945
22.34032	0.49546784
22.360321	0.49546623
22.380322	0.4954649
22.400322	0.49546295
22.420322	0.49546155
22.440323	0.49546045
22.460323	0.49545887
22.480324	0.4954577
22.500324	0.49545765
22.520325	0.49545813
22.540325	0.49545935
22.560326	0.49546185
22.580326	0.4954648
22.600327	0.49546817
22.620327	0.4954722
22.640327	0.4954766
22.660328	0.49548173
22.680328	0.495487
22.700329	0.4954914
22.72033	0.49549437
22.74033	0.4954969
22.76033	0.49549928
22.78033	0.49550065
22.800331	0.49550253
22.820332	0.49550515
22.840332	0.49550867
22.860332	0.4955135
22.880333	0.49551797
22.900333	0.4955219
22.920334	0.49552608
22.940334	0.4955305
22.960335	0.49553567
22.980335	0.4955411
23.000336	0.49554628
23.020336	0.49555135
23.040337	0.4955554
23.060337	0.49555892
23.080338	0.4955631
23.100338	0.4955665
23.120338	0.4955685
23.140339	0.49557054
23.16034	0.49557206
23.18034	0.49557215
23.20034	0.49557072
23.22034	0.49556786
23.240341	0.49556386
23.260342	0.49555928
23.280342	0.49555498
23.300343	0.4955504
23.320343	0.49554512
23.340343	0.49553996
23.360344	0.49553496
23.380344	0.49553025
23.400345	0.49552554
23.420345	0.49552083
23.440346	0.49551624
23.460346	0.4955116
23.480347	0.49550703
23.500347	0.49550104
23.520348	0.49549365
23.540348	0.49548584
23.560349	0.4954779
23.580349	0.49547055
23.60035	0.49546474
23.62035	0.4954601
23.64035	0.4954555
23.66035	0.49545145
23.680351	0.4954474
23.700352	0.4954432
23.720352	0.49543992
23.740353	0.49543726
23.760353	0.49543566
23.780354	0.4954351
23.800354	0.49543345
23.820354	0.49542937
23.840355	0.49542415
23.860355	0.49541932
23.880356	0.49541473
23.900356	0.49541014
23.920357	0.49540618
23.940357	0.49540293
23.960358	0.49539948
23.980358	0.49539685
24.000359	0.4953949
24.020359	0.49539304
24.04036	0.49539176
24.06036	0.4953903
24.08036	0.4953893
24.10036	0.4953897
24.120361	0.495391
24.140362	0.495392
24.160362	0.49539202
24.180363	0.49539196
24.200363	0.495392
24.220364	0.49539262
24.240364	0.4953941
24.260365	0.4953955
24.280365	0.4953969
24.300365	0.49539962
24.320366	0.49540365
24.340366	0.49540794
24.360367	0.49541268
24.380367	0.49541765
24.400368	0.49542224
24.420368	0.495427
24.440369	0.4954319
24.46037	0.4954371
24.48037	0.49544266
24.50037	0.4954478
24.52037	0.49545175
24.54037	0.49545497
24.560371	0.49545845
24.580372	0.49546263
24.600372	0.49546707
24.620373	0.4954713
24.640373	0.4954752
24.660374	0.49547964
24.680374	0.49548423
24.700375	0.4954872
24.720375	0.49548906
24.740376	0.49549133
24.760376	0.49549413
24.780376	0.49549705
24.800377	0.4955002
24.820377	0.4955033
24.840378	0.4955064
24.860378	0.4955096
24.880379	0.4955132
24.90038	0.49551713
24.92038	0.49552107
24.94038	0.49552456
24.96038	0.49552783
24.980381	0.4955312
25.000381	0.4955341
25.020382	0.4955366
25.040382	0.4955386
25.060383	0.49554038
25.080383	0.49554184
25.100384	0.49554282
25.120384	0.49554303
25.140385	0.49554133
25.160385	0.4955387
25.180386	0.4955361
25.200386	0.49553227
25.220387	0.4955277
25.240387	0.49552327
25.260387	0.49551857
25.280388	0.49551463
25.300388	0.49551105
25.320389	0.4955068
25.34039	0.49550223
25.36039	0.4954969
25.38039	0.4954906
25.40039	0.49548405
25.420391	0.49547765
25.440392	0.4954707
25.460392	0.49546298
25.480392	0.49545458
25.500393	0.49544537
25.520393	0.49543607
25.540394	0.49542642
25.560394	0.49541605
25.580395	0.49540684
25.600395	0.495399
25.620396	0.49539173
25.640396	0.49538505
25.660397	0.49537933
25.680397	0.4953738
25.700397	0.49536785
25.720398	0.49536243
25.740398	0.49535754
25.760399	0.4953527
25.7804	0.49534783
25.8004	0.49534366
25.8204	0.49533972
25.8404	0.49533537
25.860401	0.49533045
25.880402	0.49532527
25.900402	0.49531913
25.920403	0.49531287
25.940403	0.4953066
25.960403	0.49529985
25.980404	0.4952935
26.000404	0.49528712
26.020405	0.4952805
26.040405	0.49527365
26.060406	0.49526694
26.080406	0.49526012
26.100407	0.49525157
26.120407	0.49524188
26.140408	0.49523255
26.160408	0.49522376
26.180408	0.4952155
26.200409	0.49520808
26.22041	0.49520135
26.24041	0.4951948
26.26041	0.49518758
26.28041	0.4951796
26.300411	0.49517202
26.320412	0.495166
26.340412	0.4951601
26.360413	0.4951529
26.380413	0.4951452
26.400414	0.49513766
26.420414	0.4951303
26.440414	0.49512246
26.460415	0.4951144
26.480415	0.49510705
26.500416	0.4951008
26.520416	0.49509442
26.540417	0.4950878
26.560417	0.49508068
26.580418	0.49507302
26.600418	0.49506664
26.620419	0.49506164
26.640419	0.49505663
26.66042	0.49505097
26.68042	0.49504438
26.70042	0.49503776
26.72042	0.49503103
26.740421	0.49502343
26.760422	0.4950158
26.780422	0.4950079
26.800423	0.4949999
26.820423	0.49499166
26.840424	0.4949834
26.860424	0.4949758
26.880424	0.49496877
26.900425	0.494962
26.920425	0.49495572
26.940426	0.4949501
26.960426	0.494945
26.980427	0.49494034
27.000427	0.494936
27.020428	0.49493203
27.040428	0.49492848
27.060429	0.49492496
27.08043	0.49492198
27.10043	0.49491978
27.12043	0.49491787
27.14043	0.49491638
27.16043	0.4949148
27.180431	0.4949121
27.200432	0.49490958
27.220432	0.49490732
27.240433	0.4949052
27.260433	0.49490416
27.280434	0.49490434
27.300434	0.4949046
27.320435	0.4949045
27.340435	0.49490422
27.360435	0.49490368
27.380436	0.49490333
27.400436	0.49490327
27.420437	0.49490213
27.440437	0.4949011
27.460438	0.49490166
27.480438	0.49490303
27.500439	0.4949051
27.52044	0.49490768
27.54044	0.49490997
27.56044	0.49491164
27.58044	0.49491316
27.600441	0.49491438
27.620441	0.49491552
27.640442	0.4949173
27.660442	0.49491984
27.680443	0.49492216
27.700443	0.4949243
27.720444	0.49492627
27.740444	0.49492773
27.760445	0.49492985
27.780445	0.49493268
27.800446	0.49493533
27.820446	0.4949374
27.840446	0.49493876
27.860447	0.4949395
27.880447	0.49494022
27.900448	0.49494007
27.920448	0.49493897
27.940449	0.49493876
27.96045	0.4949402
27.98045	0.49494278
28.00045	0.49494544
28.02045	0.4949486
28.040451	0.49495202
28.060452	0.49495587
28.080452	0.49496078
28.100452	0.49496555
28.120453	0.49497026
28.140453	0.49497467
28.160454	0.49497825
28.180454	0.49498093
28.200455	0.4949832
28.220455	0.4949863
28.240456	0.49498993
28.260456	0.4949931
28.280457	0.49499577
28.300457	0.4949995
28.320457	0.49500376
28.340458	0.49500713
28.360458	0.4950101
28.380459	0.4950128
28.40046	0.49501592
28.42046	0.49501914
28.44046	0.49502158
28.46046	0.49502343
28.480461	0.49502474
28.500462	0.49502546
28.520462	0.49502575
28.540462	0.49502644
28.560463	0.4950279
28.580463	0.49502945
28.600464	0.49503052
28.620464	0.49503145
28.640465	0.49503285
28.660465	0.49503487
28.680466	0.49503705
28.700466	0.49503958
28.720467	0.49504352
28.740467	0.49504805
28.760468	0.49505207
28.780468	0.4950555
28.800468	0.49505836
28.820469	0.49506065
28.84047	0.49506247
28.86047	0.49506426
28.88047	0.4950661
28.90047	0.4950676
28.920471	0.49506837
28.940472	0.4950687
28.960472	0.49506897
28.980473	0.49506932
29.000473	0.4950698
29.020473	0.49506915
29.040474	0.495068
29.060474	0.49506748
29.080475	0.49506688
29.100475	0.49506646
29.120476	0.49506617
29.140476	0.4950657
29.160477	0.49506572
29.180477	0.49506587
29.200478	0.4950655
29.220478	0.49506515
29.240479	0.49506468
29.260479	0.49506438
29.28048	0.49506432
29.30048	0.49506444
29.32048	0.4950654
29.34048	0.49506727
29.360481	0.49506903
29.380482	0.49507043
29.400482	0.4950719
29.420483	0.49507347
29.440483	0.49507552
29.460484	0.4950776
29.480484	0.49507868
29.500484	0.4950802
29.520485	0.49508277
29.540485	0.49508598
29.560486	0.4950896
29.580486	0.4950936
29.600487	0.49509746
29.620487	0.49510053
29.640488	0.49510425
29.660488	0.49510825
29.680489	0.49511188
29.700489	0.49511608
29.72049	0.4951203
29.74049	0.49512333
29.76049	0.49512511
29.78049	0.49512637
29.800491	0.49512744
29.820492	0.49512818
29.840492	0.49512857
29.860493	0.49512926
29.880493	0.49513096
29.900494	0.49513304
29.920494	0.49513483
29.940495	0.49513632
29.960495	0.4951381
29.980495	0.4951403
30.000496	0.49514255
30.020496	0.49514532
30.040497	0.49514812
30.060497	0.49515057
30.080498	0.49515224
30.100498	0.4951539
30.120499	0.49515587
30.1405	0.49515712
30.1605	0.49515814
30.1805	0.49516028
30.2005	0.49516335
30.2205	0.49516612
30.240501	0.4951687
30.260502	0.49517128
30.280502	0.4951732
30.300503	0.4951752
30.320503	0.4951771
30.340504	0.49517858
30.360504	0.49517944
30.380505	0.49517953
30.400505	0.49517947
30.420506	0.49517995
30.440506	0.49517977
30.460506	0.49517876
30.480507	0.49517792
30.500507	0.49517733
30.520508	0.49517706
30.540508	0.49517652
30.560509	0.49517497
30.58051	0.49517322
30.60051	0.49517202
30.62051	0.49517077
30.64051	0.49516916
30.660511	0.49516726
30.680511	0.49516565
30.700512	0.49516416
30.720512	0.49516302
30.740513	0.49516207
30.760513	0.49516106
30.780514	0.49516028
30.800514	0.49516028
30.820515	0.49516135
30.840515	0.49516302
30.860516	0.49516392
30.880516	0.4951648
30.900517	0.49516612
30.920517	0.49516696
30.940517	0.49516776
30.960518	0.49516946
30.980518	0.49517143
31.000519	0.49517265
31.02052	0.49517313
31.04052	0.49517414
31.06052	0.49517584
31.08052	0.49517685
31.100521	0.49517727
31.120522	0.49517772
31.140522	0.49517882
31.160522	0.49518007
31.180523	0.49518058
31.200523	0.4951799
31.220524	0.49517894
31.240524	0.49517864
31.260525	0.49517792
31.280525	0.4951769
31.300526	0.4951759
31.320526	0.49517423
31.340527	0.4951725
31.360527	0.49517122
31.380527	0.49517044
31.400528	0.49516922
31.420528	0.49516743
31.440529	0.49516568
31.46053	0.49516404
31.48053	0.4951625
31.50053	0.49516088
31.52053	0.4951597
31.540531	0.49515954
31.560532	0.49515998
31.580532	0.49516037
31.600533	0.49516112
31.620533	0.49516279
31.640533	0.49516472
31.660534	0.4951662
31.680534	0.49516758
31.700535	0.4951695
31.720535	0.49517184
31.740536	0.49517334
31.760536	0.4951741
31.780537	0.4951739
31.800537	0.4951728
31.820538	0.49517176
31.840538	0.49517083
31.860538	0.49517
31.880539	0.49516994
31.90054	0.49516976
31.92054	0.49516848
31.94054	0.4951671
31.96054	0.49516565
31.980541	0.49516457
32.00054	0.49516386
32.020542	0.4951633
32.040543	0.495163
32.060543	0.49516237
32.080544	0.49516165
32.100544	0.49516022
32.120544	0.49515772
32.140545	0.49515504
32.160545	0.49515265
32.180546	0.49515077
32.200546	0.49514958
32.220547	0.49514815
32.240547	0.49514604
32.260548	0.49514362
32.28055	0.49514252
32.30055	0.4951433
32.32055	0.49514383
32.34055	0.49514428
32.36055	0.49514508
32.38055	0.49514645
32.40055	0.4951477
32.42055	0.49514836
32.44055	0.49514925
32.460552	0.49514997
32.480553	0.49515057
32.500553	0.4951516
32.520554	0.495154
32.540554	0.4951585
32.560555	0.49516356
32.580555	0.49516836
32.600555	0.4951729
32.620556	0.49517715
32.640556	0.49518085
32.660557	0.49518365
32.680557	0.4951859
32.700558	0.49518746
32.72056	0.49518734
32.74056	0.49518615
32.76056	0.49518472
32.78056	0.49518347
32.80056	0.4951825
32.82056	0.4951816
32.84056	0.49518076
32.86056	0.49517965
32.88056	0.49517792
32.900562	0.49517554
32.920563	0.49517214
32.940563	0.49516845
32.960564	0.49516475
32.980564	0.49516085
33.000565	0.49515736
33.020565	0.4951535
33.040565	0.49514937
33.060566	0.49514532
33.080566	0.49514112
33.100567	0.495137
33.120567	0.49513263
33.140568	0.495129
33.16057	0.49512547
33.18057	0.49512202
33.20057	0.49511886
33.22057	0.49511594
33.24057	0.49511296
33.26057	0.4951105
33.28057	0.49510944
33.30057	0.49510795
33.32057	0.4951063
33.340572	0.4951056
33.360573	0.49510434
33.380573	0.49510223
33.400574	0.4951002
33.420574	0.49509883
33.440575	0.4950982
33.460575	0.49509722
33.480576	0.49509525
33.500576	0.4950925
33.520576	0.49509054
33.540577	0.49509
33.560577	0.49509016
33.580578	0.4950911
33.60058	0.4950922
33.62058	0.49509355
33.64058	0.49509498
33.66058	0.49509528
33.68058	0.49509457
33.70058	0.4950937
33.72058	0.49509227
33.74058	0.49509045
33.760582	0.49508774
33.780582	0.49508375
33.800583	0.49508032
33.820583	0.49507803
33.840584	0.4950759
33.860584	0.49507323
33.880585	0.49506968
33.900585	0.49506602
33.920586	0.49506176
33.940586	0.49505597
33.960587	0.49505025
33.980587	0.495045
34.000587	0.49503985
34.020588	0.49503422
34.04059	0.49502826
34.06059	0.49502203
34.08059	0.49501505
34.10059	0.49500832
34.12059	0.49500236
34.14059	0.49499708
34.16059	0.49499083
34.18059	0.49498308
34.200592	0.49497515
34.220592	0.49496734
34.240593	0.49495965
34.260593	0.4949518
34.280594	0.49494436
34.300594	0.4949376
34.320595	0.49493057
34.340595	0.4949234
34.360596	0.49491626
34.380596	0.49490875
34.400597	0.4949011
34.420597	0.4948935
34.440598	0.49488604
34.460598	0.49487808
34.4806	0.49486992
34.5006	0.49486238
34.5206	0.49485505
34.5406	0.49484807
34.5606	0.494841
34.5806	0.49483344
34.6006	0.49482584
34.6206	0.49481785
34.640602	0.4948098
34.660603	0.4948016
34.680603	0.49479324
34.700603	0.49478555
34.720604	0.4947789
34.740604	0.49477243
34.760605	0.4947654
34.780605	0.4947591
34.800606	0.49475342
34.820606	0.49474722
34.840607	0.4947414
34.860607	0.49473652
34.880608	0.49473223
34.900608	0.4947283
34.92061	0.49472427
34.94061	0.49471995
34.96061	0.49471572
34.98061	0.49471208
35.00061	0.4947086
35.02061	0.49470472
35.04061	0.49470025
35.06061	0.49469498
35.080612	0.4946881
35.100613	0.49468017
35.120613	0.49467248
35.140614	0.4946646
35.160614	0.4946567
35.180614	0.4946496
35.200615	0.49464345
35.220615	0.49463853
35.240616	0.4946343
35.260616	0.4946304
35.280617	0.494627
35.300617	0.49462396
35.320618	0.49462068
35.34062	0.49461737
35.36062	0.49461448
35.38062	0.49461186
35.40062	0.4946098
35.42062	0.49460799
35.44062	0.4946056
35.46062	0.4946029
35.48062	0.49460196
35.50062	0.49460253
35.520622	0.4946033
35.540623	0.494605
35.560623	0.4946079
35.580624	0.494611
35.600624	0.49461403
35.620625	0.4946168
35.640625	0.49461997
35.660625	0.4946241
35.680626	0.4946277
35.700626	0.49463096
35.720627	0.49463388
35.740627	0.49463582
35.760628	0.4946378
35.78063	0.49463928
35.80063	0.49464053
35.82063	0.49464306
35.84063	0.4946466
35.86063	0.4946506
35.88063	0.4946546
35.90063	0.4946578
35.92063	0.49466166
35.94063	0.49466574
35.960632	0.49466896
35.980633	0.4946713
36.000633	0.49467307
36.020634	0.4946745
36.040634	0.4946766
36.060635	0.49467903
36.080635	0.49468023
36.100636	0.49468023
36.120636	0.49467948
36.140636	0.4946785
36.160637	0.49467707
36.180637	0.4946748
36.200638	0.49467185
36.22064	0.49466848
36.24064	0.49466524
36.26064	0.49466157
36.28064	0.49465686
36.30064	0.49465114
36.32064	0.49464494
36.34064	0.49463964
36.36064	0.4946348
36.380642	0.4946298
36.400642	0.49462435
36.420643	0.4946181
36.440643	0.49461198
36.460644	0.4946068
36.480644	0.4946017
36.500645	0.4945956
36.520645	0.49458867
36.540646	0.494582
36.560646	0.49457568
36.580647	0.49456835
36.600647	0.49456012
36.620647	0.49455222
36.640648	0.4945444
36.66065	0.49453676
36.68065	0.49452987
36.70065	0.49452353
36.72065	0.49451727
36.74065	0.4945112
36.76065	0.4945051
36.78065	0.49449888
36.80065	0.49449164
36.820652	0.49448353
36.840652	0.4944753
36.860653	0.49446726
36.880653	0.49445936
36.900654	0.49445122
36.920654	0.4944434
36.940655	0.4944358
36.960655	0.4944292
36.980656	0.4944235
37.000656	0.4944179
37.020657	0.49441326
37.040657	0.49440938
37.060658	0.49440706
37.080658	0.49440572
37.10066	0.49440414
37.12066	0.49440277
37.14066	0.49440145
37.16066	0.4944001
37.18066	0.49439877
37.20066	0.49439746
37.22066	0.49439642
37.24066	0.49439588
37.260662	0.4943952
37.280663	0.49439466
37.300663	0.49439406
37.320663	0.49439412
37.340664	0.49439436
37.360664	0.49439383
37.380665	0.49439284
37.400665	0.49439177
37.420666	0.4943912
37.440666	0.49439102
37.460667	0.49439028
37.480667	0.49438912
37.500668	0.49438876
37.520668	0.4943891
37.54067	0.4943896
37.56067	0.49439025
37.58067	0.49439007
37.60067	0.49438918
37.62067	0.49438733
37.64067	0.49438465
37.66067	0.4943816
37.68067	0.49437848
37.700672	0.49437642
37.720673	0.49437496
37.740673	0.49437362
37.760674	0.49437192
37.780674	0.49436963
37.800674	0.4943678
37.820675	0.4943666
37.840675	0.49436527
37.860676	0.49436408
37.880676	0.49436325
37.900677	0.49436262
37.920677	0.49436122
37.940678	0.49435806
37.96068	0.49435413
37.98068	0.4943499
38.00068	0.4943446
38.02068	0.4943393
38.04068	0.4943352
38.06068	0.4943318
38.08068	0.49432856
38.10068	0.4943251
38.12068	0.49432158
38.140682	0.49431804
38.160683	0.49431455
38.180683	0.49431142
38.200684	0.4943086
38.220684	0.49430555
38.240685	0.49430194
38.260685	0.49429852
38.280685	0.49429578
38.300686	0.49429312
38.320686	0.4942901
38.340687	0.49428692
38.360687	0.49428308
38.380688	0.4942788
38.40069	0.49427462
38.42069	0.494271
38.44069	0.49426788
38.46069	0.4942654
38.48069	0.49426425
38.50069	0.49426347
38.52069	0.49426204
38.54069	0.49425977
38.56069	0.49425715
38.580692	0.4942541
38.600693	0.49425045
38.620693	0.49424714
38.640694	0.49424413
38.660694	0.49424118
38.680695	0.4942382
38.700695	0.4942346
38.720695	0.49423045
38.740696	0.4942263
38.760696	0.4942224
38.780697	0.49421918
38.800697	0.49421614
38.820698	0.49421227
38.8407	0.4942089
38.8607	0.49420655
38.8807	0.49420336
38.9007	0.4942001
38.9207	0.49419782
38.9407	0.49419576
38.9607	0.49419415
38.9807	0.49419215
39.0007	0.49418965
39.020702	0.49418646
39.040703	0.4941831
39.060703	0.49418098
39.080704	0.4941793
39.100704	0.4941776
39.120705	0.49417543
39.140705	0.4941731
39.160706	0.49417132
39.180706	0.49417
39.200706	0.49416977
39.220707	0.49417028
39.240707	0.49417132
39.260708	0.49417335
39.28071	0.49417618
39.30071	0.4941793
39.32071	0.49418247
39.34071	0.49418455
39.36071	0.49418467
39.38071	0.49418336
39.40071	0.49418253
39.42071	0.49418217
39.440712	0.4941815
39.460712	0.49418133
39.480713	0.49418163
39.500713	0.494181
39.520714	0.49417984
39.540714	0.4941795
39.560715	0.4941798
39.580715	0.49417943
39.600716	0.49417883
39.620716	0.4941787
39.640717	0.49417812
39.660717	0.49417764
39.680717	0.49417835
39.700718	0.49417946
39.72072	0.49418062
39.74072	0.49418157
39.76072	0.49418336
39.78072	0.4941865
39.80072	0.49419016
39.82072	0.49419487
39.84072	0.4941997
39.86072	0.49420467
39.880722	0.49421042
39.900723	0.49421507
39.920723	0.49421847
39.940723	0.49422133
39.960724	0.49422404
39.980724	0.49422774
40.000725	0.49423188
40.020725	0.49423626
40.040726	0.49424127
40.060726	0.49424663
40.080727	0.49425232
40.100727	0.49425822
40.120728	0.4942639
40.140728	0.49426913
40.16073	0.49427378
40.18073	0.494278
40.20073	0.49428198
40.22073	0.49428484
40.24073	0.4942865
40.26073	0.49428773
40.28073	0.49428934
40.30073	0.4942914
40.320732	0.49429232
40.340733	0.4942922
40.360733	0.49429256
40.380733	0.49429306
40.400734	0.4942941
40.420734	0.4942959
40.440735	0.49429873
40.460735	0.49430203
40.480736	0.4943052
40.500736	0.49430847
40.520737	0.49431163
40.540737	0.49431437
40.560738	0.49431613
40.580738	0.49431783
40.60074	0.49431944
40.62074	0.4943207
40.64074	0.49432248
40.66074	0.49432486
40.68074	0.4943267
40.70074	0.49432784
40.72074	0.49432755
40.74074	0.49432623
40.760742	0.49432492
40.780743	0.49432302
40.800743	0.4943208
40.820744	0.4943183
40.840744	0.4943163
40.860744	0.494315
40.880745	0.49431336
40.900745	0.49431175
40.920746	0.49430963
40.940746	0.49430645
40.960747	0.49430335
40.980747	0.49430054
41.000748	0.49429774
41.02075	0.4942943
41.04075	0.49428982
41.06075	0.49428505
41.08075	0.49428084
41.10075	0.494277
41.12075	0.49427345
41.14075	0.49427015
41.16075	0.49426696
41.18075	0.49426448
41.200752	0.4942621
41.220753	0.494259
41.240753	0.49425495
41.260754	0.4942503
41.280754	0.49424464
41.300755	0.49423784
41.320755	0.4942315
41.340755	0.4942258
41.360756	0.4942209
41.380756	0.49421704
41.400757	0.49421394
41.420757	0.4942108
41.440758	0.49420732
41.46076	0.49420336
41.48076	0.49419817
41.50076	0.4941922
41.52076	0.49418604
41.54076	0.49418008
41.56076	0.4941746
41.58076	0.4941685
41.60076	0.49416137
41.62076	0.4941532
41.640762	0.4941454
41.660763	0.49413884
41.680763	0.49413136
41.700764	0.49412394
41.720764	0.4941169
41.740765	0.49410856
41.760765	0.49410063
41.780766	0.49409366
41.800766	0.49408698
41.820766	0.49408084
41.840767	0.49407506
41.860767	0.4940697
41.880768	0.4940648
41.90077	0.49406016
41.92077	0.4940564
41.94077	0.49405384
41.96077	0.49405128
41.98077	0.4940485
42.00077	0.49404603
42.02077	0.4940434
42.04077	0.49404094
42.060772	0.49403933
42.080772	0.49403816
42.100773	0.49403715
42.120773	0.49403644
42.140774	0.49403623
42.160774	0.49403632
42.180775	0.49403566
42.200775	0.4940349
42.220776	0.49403447
42.240776	0.49403313
42.260777	0.49403167
42.280777	0.4940312
42.300777	0.49403125
42.320778	0.494031
42.34078	0.49403083
42.36078	0.49403125
42.38078	0.49403238
42.40078	0.49403378
42.42078	0.49403524
42.44078	0.4940379
42.46078	0.4940412
42.48078	0.49404392
42.500782	0.4940462
42.520782	0.4940486
42.540783	0.49405128
42.560783	0.4940545
42.580784	0.49405873
42.600784	0.49406338
42.620785	0.49406677
42.640785	0.49406862
42.660786	0.4940707
42.680786	0.4940741
42.700787	0.49407813
42.720787	0.4940818
42.740788	0.49408478
42.760788	0.49408677
42.78079	0.49408826
42.80079	0.49409032
42.82079	0.494093
42.84079	0.49409643
42.86079	0.49410066
42.88079	0.49410564
42.90079	0.49411118
42.92079	0.494117
42.940792	0.49412236
42.960793	0.49412683
42.980793	0.4941308
43.000793	0.49413392
43.020794	0.49413675
43.040794	0.49413982
43.060795	0.49414238
43.080795	0.49414444
43.100796	0.49414685
43.120796	0.4941491
43.140797	0.49415022
43.160797	0.49415094
43.180798	0.49415162
43.200798	0.4941525
43.2208	0.49415383
43.2408	0.49415544
43.2608	0.4941568
43.2808	0.49415827
43.3008	0.49415934
43.3208	0.49415982
43.3408	0.49416018
43.3608	0.4941603
43.380802	0.49416104
43.400803	0.49416274
43.420803	0.49416453
43.440804	0.4941663
43.460804	0.4941687
43.480804	0.49417078
43.500805	0.49417293
43.520805	0.49417514
43.540806	0.49417675
43.560806	0.49417865
43.580807	0.4941811
43.600807	0.49418294
43.620808	0.49418336
43.64081	0.49418387
43.66081	0.49418542
43.68081	0.4941874
43.70081	0.49418968
43.72081	0.49419248
43.74081	0.49419603
43.76081	0.49420005
43.78081	0.49420363
43.80081	0.49420652
43.820812	0.4942085
43.840813	0.4942096
43.860813	0.49421036
43.880814	0.49421173
43.900814	0.49421352
43.920815	0.494215
43.940815	0.49421555
43.960815	0.4942155
43.980816	0.49421567
44.000816	0.49421638
44.020817	0.4942181
44.040817	0.4942203
44.060818	0.4942232
44.08082	0.49422735
44.10082	0.4942319
44.12082	0.49423617
44.14082	0.49424118
44.16082	0.49424708
44.18082	0.49425337
44.20082	0.49426007
44.22082	0.4942668
44.24082	0.49427277
44.260822	0.4942779
44.280823	0.49428225
44.300823	0.49428558
44.320824	0.49428886
44.340824	0.49429196
44.360825	0.4942945
44.380825	0.49429616
44.400826	0.49429733
44.420826	0.494299
44.440826	0.49430147
44.460827	0.49430484
44.480827	0.49430805
44.500828	0.49431074
44.52083	0.4943133
44.54083	0.4943153
44.56083	0.49431697
44.58083	0.49431956
44.60083	0.49432236
44.62083	0.49432445
44.64083	0.49432638
44.66083	0.4943274
44.680832	0.4943276
44.700832	0.49432826
44.720833	0.49432957
44.740833	0.49433205
44.760834	0.49433544
44.780834	0.49433938
44.800835	0.4943437
44.820835	0.4943475
44.840836	0.49435177
44.860836	0.494357
44.880836	0.4943617
44.900837	0.49436626
44.920837	0.49437016
44.940838	0.49437258
44.96084	0.49437517
44.98084	0.49437788
45.00084	0.49438
45.02084	0.49438167
45.04084	0.49438304
45.06084	0.49438387
45.08084	0.49438453
45.10084	0.4943852
45.120842	0.49438566
45.140842	0.49438682
45.160843	0.4943884
45.180843	0.49438947
45.200844	0.4943911
45.220844	0.49439338
45.240845	0.49439538
45.260845	0.49439716
45.280846	0.49439877
45.300846	0.49439996
45.320847	0.49440062
45.340847	0.4944011
45.360847	0.49440244
45.380848	0.4944043
45.40085	0.4944055
45.42085	0.494407
45.44085	0.49440926
45.46085	0.4944117
45.48085	0.4944136
45.50085	0.49441543
45.52085	0.49441764
45.54085	0.4944204
45.560852	0.4944235
45.580853	0.49442714
45.600853	0.49443036
45.620853	0.49443215
45.640854	0.49443313
45.660854	0.49443418
45.680855	0.49443537
45.700855	0.4944368
45.720856	0.49443844
45.740856	0.49444017
45.760857	0.4944412
45.780857	0.49444115
45.800858	0.49443996
45.820858	0.4944373
45.84086	0.49443376
45.86086	0.49443066
45.88086	0.49442863
45.90086	0.49442786
45.92086	0.49442792
45.94086	0.4944282
45.96086	0.49442822
45.98086	0.49442822
46.000862	0.4944285
46.020863	0.49442858
46.040863	0.49442905
46.060863	0.49443042
46.080864	0.49443257
46.100864	0.49443436
46.120865	0.49443558
46.140865	0.49443674
46.160866	0.4944383
46.180866	0.4944401
46.200867	0.4944417
46.220867	0.49444354
46.240868	0.49444574
46.260868	0.4944477
46.28087	0.4944494
46.30087	0.4944502
46.32087	0.49444997
46.34087	0.494449
46.36087	0.49444756
46.38087	0.49444655
46.40087	0.4944461
46.42087	0.49444574
46.440872	0.49444547
46.460873	0.4944451
46.480873	0.4944448
46.500874	0.4944447
46.520874	0.4944456
46.540874	0.49444723
46.560875	0.49444848
46.580875	0.49444956
46.600876	0.4944503
46.620876	0.49445146
46.640877	0.49445277
46.660877	0.4944543
46.680878	0.49445564
46.70088	0.49445555
46.72088	0.49445486
46.74088	0.49445498
46.76088	0.494455
46.78088	0.49445498
46.80088	0.49445534
46.82088	0.4944563
46.84088	0.49445805
46.86088	0.49446046
46.880882	0.49446282
46.900883	0.4944648
46.920883	0.49446684
46.940884	0.49446875
46.960884	0.49447078
46.980885	0.4944731
47.000885	0.49447498
47.020885	0.49447703
47.040886	0.49448052
47.060886	0.49448448
47.080887	0.49448764
47.100887	0.49449015
47.120888	0.49449277
47.14089	0.49449608
47.16089	0.49449968
47.18089	0.49450272
47.20089	0.4945057
47.22089	0.49450833
47.24089	0.49450958
47.26089	0.49451002
47.28089	0.49451077
47.30089	0.49451214
47.320892	0.4945129
47.340893	0.49451256
47.360893	0.49451262
47.380894	0.49451342
47.400894	0.4945141
47.420895	0.49451458
47.440895	0.49451542
47.460896	0.4945168
47.480896	0.49451792
47.500896	0.49451798
47.520897	0.49451703
47.540897	0.49451476
47.560898	0.4945112
47.5809	0.49450707
47.6009	0.49450374
47.6209	0.49450207
47.6409	0.494501
47.6609	0.4945001
47.6809	0.49449915
47.7009	0.494498
47.7209	0.4944964
47.740902	0.49449387
47.760902	0.4944913
47.780903	0.49448934
47.800903	0.49448794
47.820904	0.49448633
47.840904	0.49448365
47.860905	0.49448043
47.880905	0.49447763
47.900906	0.49447516
47.920906	0.49447268
47.940907	0.49447024
47.960907	0.49446738
47.980907	0.49446437
48.000908	0.49446052
48.02091	0.49445534
48.04091	0.49445018
48.06091	0.49444687
48.08091	0.4944451
48.10091	0.49444437
48.12091	0.4944442
48.14091	0.49444428
48.16091	0.49444485
48.180912	0.49444526
48.200912	0.49444556
48.220913	0.49444616
48.240913	0.49444738
48.260914	0.49444902
48.280914	0.4944506
48.300915	0.4944522
48.320915	0.49445316
48.340916	0.49445337
48.360916	0.49445447
48.380917	0.4944561
48.400917	0.49445796
48.420918	0.49445945
48.440918	0.49446085
48.46092	0.4944632
48.48092	0.4944652
48.50092	0.4944676
48.52092	0.4944706
48.54092	0.49447304
48.56092	0.4944746
48.58092	0.494475
48.60092	0.49447548
48.620922	0.49447656
48.640923	0.49447852
48.660923	0.4944814
48.680923	0.4944842
48.700924	0.49448687
48.720924	0.49448967
48.740925	0.494493
48.760925	0.4944964
48.780926	0.49449968
48.800926	0.49450254
48.820927	0.49450547
48.840927	0.49450922
48.860928	0.4945136
48.880928	0.49451816
48.90093	0.4945221
48.92093	0.49452597
48.94093	0.49452972
48.96093	0.49453288
48.98093	0.49453622
49.00093	0.49453944
49.02093	0.49454224
49.04093	0.49454546
49.060932	0.4945488
49.080933	0.49455088
49.100933	0.4945522
49.120934	0.49455398
49.140934	0.49455586
49.160934	0.49455768
49.180935	0.4945597
49.200935	0.4945622
49.220936	0.494565
49.240936	0.4945675
49.260937	0.49456882
49.280937	0.49456984
49.300938	0.49457097
49.32094	0.49457258
49.34094	0.4945743
49.36094	0.49457482
49.38094	0.49457473
49.40094	0.4945741
49.42094	0.494573
49.44094	0.49457204
49.46094	0.49456957
49.48094	0.49456626
49.500942	0.49456385
49.520943	0.49456146
49.540943	0.49455813
49.560944	0.4945544
49.580944	0.4945507
49.600945	0.49454713
49.620945	0.4945436
49.640945	0.49454027
49.660946	0.49453768
49.680946	0.49453512
49.700947	0.49453223
49.720947	0.4945296
49.740948	0.49452734
49.76095	0.4945255
49.78095	0.49452364
49.80095	0.4945213
49.82095	0.4945196
49.84095	0.49451888
49.86095	0.49451846
49.88095	0.49451834
49.90095	0.49451876
49.92095	0.4945191
49.940952	0.49451905
49.960953	0.49451876
49.980953	0.49451828
50.0	0.49451804
