0.0	0.60000026
0.02	0.59999144
0.04	0.5999667
0.06	0.5999268
0.08	0.59987205
0.099999994	0.5998037
0.11999999	0.5997221
0.13999999	0.599627
0.15999998	0.5995192
0.17999998	0.5993982
0.19999997	0.5992657
0.21999997	0.59912264
0.23999996	0.59896886
0.25999996	0.59880275
0.27999997	0.598625
0.29999998	0.5984366
0.32	0.59823734
0.34	0.598028
0.36	0.59781
0.38000003	0.59758335
0.40000004	0.5973476
0.42000005	0.5971036
0.44000006	0.59685063
0.46000007	0.5965884
0.48000008	0.5963188
0.50000006	0.59604293
0.52000004	0.5957601
0.54	0.5954711
0.56	0.5951761
0.58	0.594875
0.59999996	0.5945692
0.61999995	0.594259
0.6399999	0.5939437
0.6599999	0.59362304
0.6799999	0.59329796
0.69999987	0.592969
0.71999985	0.5926361
0.73999983	0.5922998
0.7599998	0.59195936
0.7799998	0.59161425
0.7999998	0.5912653
0.81999975	0.590914
0.83999974	0.590561
0.8599997	0.5902052
0.8799997	0.5898466
0.8999997	0.58948576
0.91999966	0.5891232
0.93999964	0.5887582
0.9599996	0.58838993
0.9799996	0.58801985
0.9999996	0.58764774
1.0199996	0.58727336
1.0399996	0.58689785
1.0599996	0.58652127
1.0799996	0.58614373
1.0999995	0.5857639
1.1199995	0.58538216
1.1399995	0.58500046
1.1599995	0.58461976
1.1799995	0.5842395
1.1999995	0.58385897
1.2199994	0.58347815
1.2399994	0.5830972
1.2599994	0.5827162
1.2799994	0.5823358
1.2999994	0.5819568
1.3199993	0.5815774
1.3399993	0.58119726
1.3599993	0.580818
1.3799993	0.5804393
1.3999993	0.5800593
1.4199992	0.57967806
1.4399992	0.5792967
1.4599992	0.5789167
1.4799992	0.5785377
1.4999992	0.57815874
1.5199991	0.57778007
1.5399991	0.57740235
1.5599991	0.57702494
1.5799991	0.5766474
1.5999991	0.57627046
1.619999	0.57589424
1.639999	0.5755183
1.659999	0.57514346
1.679999	0.5747696
1.699999	0.5743967
1.719999	0.5740256
1.7399989	0.57365584
1.7599989	0.5732875
1.7799989	0.5729198
1.7999989	0.57255244
1.8199989	0.5721855
1.8399988	0.5718202
1.8599988	0.5714563
1.8799988	0.57109344
1.8999988	0.57073224
1.9199988	0.5703731
1.9399987	0.57001626
1.9599987	0.5696609
1.9799987	0.5693066
1.9999987	0.5689546
2.0199988	0.5686045
2.0399988	0.56825554
2.0599988	0.56790686
2.0799987	0.56755865
2.0999987	0.5672126
2.1199987	0.56686795
2.1399987	0.56652474
2.1599987	0.56618303
2.1799986	0.5658418
2.1999986	0.56550086
2.2199986	0.5651606
2.2399986	0.5648215
2.2599986	0.5644844
2.2799985	0.5641495
2.2999985	0.5638152
2.3199985	0.56348085
2.3399985	0.5631466
2.3599985	0.56281245
2.3799984	0.5624789
2.3999984	0.56214595
2.4199984	0.5618136
2.4399984	0.5614819
2.4599984	0.56115043
2.4799984	0.5608192
2.4999983	0.5604885
2.5199983	0.56015897
2.5399983	0.5598308
2.5599983	0.55950403
2.5799983	0.5591792
2.5999982	0.5588559
2.6199982	0.55853474
2.6399982	0.5582162
2.6599982	0.5578997
2.6799982	0.5575855
2.6999981	0.55727446
2.7199981	0.5569657
2.739998	0.55665755
2.759998	0.55634886
2.779998	0.5560399
2.799998	0.5557318
2.819998	0.5554255
2.839998	0.5551212
2.859998	0.55481863
2.879998	0.5545184
2.899998	0.5542191
2.919998	0.5539199
2.939998	0.55362153
2.959998	0.55332375
2.9799979	0.5530261
2.9999979	0.55272925
3.0199978	0.5524347
3.0399978	0.5521418
3.0599978	0.5518504
3.0799978	0.55156136
3.0999978	0.55127454
3.1199977	0.55099
3.1399977	0.55070734
3.1599977	0.5504265
3.1799977	0.5501473
3.1999977	0.5498705
3.2199976	0.5495955
3.2399976	0.54932064
3.2599976	0.5490466
3.2799976	0.5487735
3.2999976	0.5485021
3.3199975	0.5482324
3.3399975	0.54796374
3.3599975	0.54769707
3.3799975	0.5474329
3.3999975	0.5471703
3.4199975	0.54690886
3.4399974	0.5466507
3.4599974	0.54639554
3.4799974	0.5461418
3.4999974	0.54588944
3.5199974	0.5456386
3.5399973	0.5453893
3.5599973	0.5451412
3.5799973	0.5448936
3.5999973	0.5446461
3.6199973	0.5443985
3.6399972	0.54415154
3.6599972	0.5439051
3.6799972	0.5436595
3.6999972	0.5434149
3.7199972	0.54317003
3.7399971	0.54292506
3.7599971	0.5426806
3.779997	0.54243755
3.799997	0.5421977
3.819997	0.5419608
3.839997	0.5417241
3.859997	0.5414877
3.879997	0.54125273
3.899997	0.54102004
3.919997	0.54078925
3.939997	0.54055893
3.959997	0.5403307
3.979997	0.5401036
3.999997	0.53987724
4.019997	0.5396527
4.039997	0.53942907
4.059997	0.5392065
4.079997	0.53898495
4.099997	0.53876555
4.119997	0.53854835
4.139997	0.53833234
4.159997	0.5381175
4.179997	0.53790355
4.199997	0.53769034
4.219997	0.53747797
4.239997	0.53726673
4.259997	0.5370567
4.279997	0.5368475
4.299997	0.53663945
4.319997	0.53643227
4.339997	0.53622544
4.359997	0.5360191
4.379997	0.5358139
4.3999968	0.5356104
4.4199967	0.53540695
4.4399967	0.5352037
4.4599967	0.5350011
4.4799967	0.5348002
4.4999967	0.5346006
4.5199966	0.5344023
4.5399966	0.53420556
4.5599966	0.5340099
4.5799966	0.53381395
4.5999966	0.5336175
4.6199965	0.53342104
4.6399965	0.53322476
4.6599965	0.5330291
4.6799965	0.53283346
4.6999965	0.5326378
4.7199965	0.5324427
4.7399964	0.53224754
4.7599964	0.53205293
4.7799964	0.5318607
4.7999964	0.53167045
4.8199964	0.5314815
4.8399963	0.53129315
4.8599963	0.5311057
4.8799963	0.53092015
4.8999963	0.5307358
4.9199963	0.5305521
4.9399962	0.5303699
4.959996	0.53018993
4.979996	0.5300113
4.999996	0.5298333
5.019996	0.52965724
5.039996	0.52948284
5.059996	0.52930963
5.079996	0.52913773
5.099996	0.5289672
5.119996	0.5287982
5.139996	0.52863014
5.159996	0.5284626
5.179996	0.52829605
5.199996	0.52813107
5.219996	0.5279667
5.239996	0.5278034
5.259996	0.5276418
5.279996	0.5274812
5.299996	0.52732146
5.319996	0.52716213
5.339996	0.52700436
5.359996	0.5268481
5.379996	0.52669287
5.399996	0.5265385
5.419996	0.52638507
5.439996	0.52623224
5.4599957	0.52607965
5.4799957	0.5259278
5.4999957	0.5257769
5.5199957	0.52562654
5.5399957	0.5254769
5.5599957	0.52532804
5.5799956	0.5251796
5.5999956	0.52503115
5.6199956	0.52488387
5.6399956	0.52473706
5.6599956	0.52459013
5.6799955	0.5244442
5.6999955	0.5243001
5.7199955	0.52415705
5.7399955	0.5240143
5.7599955	0.5238725
5.7799954	0.5237316
5.7999954	0.5235911
5.8199954	0.5234515
5.8399954	0.5233133
5.8599954	0.5231757
5.8799953	0.5230387
5.8999953	0.52290165
5.9199953	0.5227651
5.9399953	0.5226298
5.9599953	0.5224962
5.9799953	0.522364
5.999995	0.52223295
6.019995	0.52210236
6.039995	0.5219714
6.059995	0.52184165
6.079995	0.52171206
6.099995	0.5215813
6.119995	0.5214509
6.139995	0.5213208
6.159995	0.521191
6.179995	0.5210614
6.199995	0.52093184
6.219995	0.52080196
6.239995	0.5206727
6.259995	0.5205442
6.279995	0.5204167
6.299995	0.5202904
6.319995	0.52016485
6.339995	0.52004004
6.359995	0.5199161
6.379995	0.5197929
6.399995	0.51967025
6.419995	0.5195478
6.439995	0.51942456
6.459995	0.5193007
6.479995	0.519176
6.4999948	0.51905036
6.5199947	0.5189253
6.5399947	0.5188003
6.5599947	0.5186748
6.5799947	0.5185503
6.5999947	0.5184261
6.6199946	0.51830196
6.6399946	0.5181781
6.6599946	0.51805484
6.6799946	0.51793206
6.6999946	0.5178102
6.7199945	0.5176893
6.7399945	0.51756775
6.7599945	0.51744664
6.7799945	0.5173257
6.7999945	0.51720524
6.8199944	0.5170868
6.8399944	0.51697016
6.8599944	0.51685476
6.8799944	0.5167403
6.8999944	0.51662636
6.9199944	0.51651347
6.9399943	0.5164021
6.9599943	0.5162905
6.9799943	0.51617837
6.9999943	0.5160677
7.0199943	0.51595837
7.0399942	0.51584935
7.059994	0.51573956
7.079994	0.51563036
7.099994	0.51552254
7.119994	0.51541406
7.139994	0.5153043
7.159994	0.51519454
7.179994	0.51508594
7.199994	0.51497775
7.219994	0.5148698
7.239994	0.514763
7.259994	0.5146564
7.279994	0.514549
7.299994	0.51444113
7.319994	0.51433194
7.339994	0.5142226
7.359994	0.51411545
7.379994	0.5140096
7.399994	0.5139039
7.419994	0.5137984
7.439994	0.5136933
7.459994	0.5135882
7.479994	0.51348376
7.499994	0.5133804
7.519994	0.5132775
7.539994	0.5131756
7.5599937	0.5130747
7.5799937	0.512974
7.5999937	0.5128734
7.6199937	0.5127728
7.6399937	0.5126723
7.6599936	0.51257265
7.6799936	0.5124738
7.6999936	0.51237506
7.7199936	0.51227653
7.7399936	0.5121787
7.7599936	0.5120819
7.7799935	0.51198584
7.7999935	0.5118896
7.8199935	0.51179373
7.8399935	0.51169914
7.8599935	0.5116055
7.8799934	0.5115118
7.8999934	0.5114173
7.9199934	0.5113219
7.9399934	0.51122636
7.9599934	0.51113206
7.9799933	0.5110404
7.9999933	0.51095045
8.019994	0.51086116
8.039994	0.5107716
8.059995	0.51068103
8.079995	0.5105908
8.099996	0.51050156
8.119996	0.51041216
8.139997	0.510323
8.159997	0.5102345
8.179997	0.51014566
8.199998	0.51005614
8.219998	0.509966
8.239999	0.5098757
8.259999	0.50978595
8.28	0.5096973
8.3	0.50960994
8.320001	0.5095229
8.340001	0.50943536
8.360002	0.5093461
8.380002	0.5092553
8.4000025	0.50916386
8.420003	0.50907266
8.440003	0.5089815
8.460004	0.5088898
8.480004	0.50879794
8.500005	0.508707
8.520005	0.5086156
8.540006	0.50852305
8.560006	0.5084303
8.580007	0.508338
8.600007	0.5082469
8.6200075	0.50815725
8.640008	0.5080687
8.660008	0.50798106
8.680009	0.5078945
8.700009	0.507808
8.72001	0.5077212
8.74001	0.50763416
8.760011	0.5075474
8.780011	0.50746095
8.800012	0.5073756
8.820012	0.5072901
8.840013	0.5072046
8.860013	0.50711936
8.880013	0.5070343
8.900014	0.50695014
8.920014	0.50686747
8.940015	0.50678575
8.960015	0.50670433
8.980016	0.5066239
9.000016	0.50654376
9.020017	0.5064631
9.040017	0.5063819
9.060018	0.5063002
9.080018	0.5062187
9.1000185	0.5061372
9.120019	0.5060554
9.140019	0.50597286
9.16002	0.50589126
9.18002	0.5058117
9.200021	0.5057336
9.220021	0.5056559
9.240022	0.50557727
9.260022	0.5054978
9.280023	0.50541747
9.300023	0.5053373
9.320024	0.5052583
9.340024	0.5051801
9.360024	0.50510263
9.380025	0.5050256
9.400025	0.50494844
9.420026	0.5048709
9.440026	0.5047928
9.460027	0.5047145
9.480027	0.5046356
9.500028	0.5045564
9.520028	0.5044774
9.540029	0.50439936
9.560029	0.50432235
9.5800295	0.5042461
9.60003	0.50417113
9.62003	0.50409627
9.640031	0.5040226
9.660031	0.5039488
9.680032	0.5038745
9.700032	0.5037999
9.720033	0.50372505
9.740033	0.5036509
9.760034	0.50357735
9.780034	0.50350374
9.8000345	0.50343
9.820035	0.50335646
9.840035	0.5032829
9.860036	0.5032103
9.880036	0.5031387
9.900037	0.5030671
9.920037	0.5029959
9.940038	0.50292575
9.960038	0.50285566
9.980039	0.50278515
10.000039	0.50271535
10.02004	0.5026457
10.04004	0.50257623
10.06004	0.5025084
10.080041	0.50244087
10.100041	0.5023735
10.120042	0.5023052
10.140042	0.5022359
10.160043	0.50216675
10.180043	0.50209713
10.200044	0.50202745
10.220044	0.50195986
10.240045	0.5018934
10.260045	0.5018265
10.2800455	0.50176036
10.300046	0.5016955
10.320046	0.5016314
10.340047	0.5015681
10.360047	0.50150573
10.380048	0.5014443
10.400048	0.5013827
10.420049	0.50132066
10.440049	0.50125754
10.46005	0.501194
10.48005	0.5011307
10.500051	0.50106716
10.520051	0.501004
10.540051	0.5009414
10.560052	0.5008793
10.580052	0.5008173
10.600053	0.5007554
10.620053	0.50069416
10.640054	0.5006333
10.660054	0.5005729
10.680055	0.50051343
10.700055	0.50045395
10.720056	0.5003933
10.740056	0.500332
10.7600565	0.5002707
10.780057	0.50020915
10.800057	0.5001484
10.820058	0.500088
10.840058	0.50002664
10.860059	0.49996507
10.880059	0.49990398
10.90006	0.4998436
10.92006	0.49978414
10.940061	0.49972525
10.960061	0.49966633
10.980062	0.49960756
11.000062	0.49954975
11.020062	0.49949297
11.040063	0.49943665
11.060063	0.49937993
11.080064	0.49932316
11.100064	0.49926624
11.120065	0.49920875
11.140065	0.49915072
11.160066	0.499093
11.180066	0.4990363
11.200067	0.49898082
11.220067	0.49892586
11.2400675	0.49887103
11.260068	0.498816
11.280068	0.4987594
11.300069	0.49870265
11.320069	0.49864653
11.34007	0.49859068
11.36007	0.49853587
11.380071	0.4984827
11.400071	0.4984309
11.420072	0.49837902
11.440072	0.49832714
11.4600725	0.4982757
11.480073	0.49822408
11.500073	0.49817288
11.520074	0.49812248
11.540074	0.49807215
11.560075	0.4980219
11.580075	0.49797186
11.600076	0.49792188
11.620076	0.4978717
11.640077	0.49782118
11.660077	0.49777067
11.680078	0.49772033
11.700078	0.49767017
11.720078	0.4976201
11.740079	0.49756968
11.760079	0.49751902
11.78008	0.4974687
11.80008	0.49741858
11.820081	0.4973685
11.840081	0.49731857
11.860082	0.49726903
11.880082	0.49722028
11.900083	0.49717242
11.920083	0.49712586
11.9400835	0.49708027
11.960084	0.4970355
11.980084	0.49699083
12.000085	0.4969459
12.020085	0.4969015
12.040086	0.49685755
12.060086	0.49681348
12.080087	0.49676913
12.100087	0.4967256
12.120088	0.4966821
12.140088	0.4966376
12.160089	0.4965935
12.180089	0.4965495
12.200089	0.49650484
12.22009	0.49646074
12.24009	0.4964184
12.260091	0.49637735
12.280091	0.49633634
12.300092	0.49629468
12.320092	0.4962524
12.340093	0.49621028
12.360093	0.4961691
12.380094	0.4961295
12.400094	0.4960913
12.4200945	0.49605393
12.440095	0.4960161
12.460095	0.4959768
12.480096	0.49593627
12.500096	0.4958956
12.520097	0.49585477
12.540097	0.49581373
12.560098	0.49577296
12.580098	0.49573258
12.600099	0.4956938
12.620099	0.49565646
12.6401	0.49561888
12.6601	0.49558145
12.6801	0.4955451
12.700101	0.4955093
12.720101	0.49547368
12.740102	0.49543768
12.760102	0.49540234
12.780103	0.49536878
12.800103	0.49533495
12.820104	0.4953003
12.840104	0.49526465
12.860105	0.4952273
12.880105	0.49518877
12.900105	0.49514934
12.920106	0.49510956
12.940106	0.4950699
12.960107	0.49503025
12.980107	0.49499097
13.000108	0.49495155
13.020108	0.4949118
13.040109	0.4948733
13.060109	0.49483675
13.08011	0.4948016
13.10011	0.494767
13.1201105	0.49473226
13.140111	0.4946976
13.160111	0.49466425
13.180112	0.49463278
13.200112	0.49460256
13.220113	0.49457163
13.240113	0.49453902
13.260114	0.49450633
13.280114	0.49447393
13.300115	0.49444166
13.320115	0.49441013
13.340116	0.49437875
13.360116	0.4943472
13.380116	0.49431622
13.400117	0.4942854
13.420117	0.49425417
13.440118	0.494223
13.460118	0.49419188
13.480119	0.49416125
13.500119	0.4941315
13.52012	0.49410188
13.54012	0.49407262
13.560121	0.4940437
13.580121	0.494015
13.6001215	0.49398637
13.620122	0.49395797
13.640122	0.49392974
13.660123	0.49390134
13.680123	0.49387345
13.700124	0.49384654
13.720124	0.49381927
13.740125	0.49379224
13.760125	0.49376678
13.780126	0.4937408
13.800126	0.4937138
13.820127	0.493687
13.840127	0.493661
13.860127	0.4936347
13.880128	0.493608
13.900128	0.49358118
13.920129	0.49355406
13.940129	0.49352717
13.96013	0.49350128
13.98013	0.49347508
14.000131	0.49344692
14.020131	0.49341756
14.040132	0.4933884
14.060132	0.4933593
14.0801325	0.49332952
14.100133	0.49329895
14.120133	0.49326748
14.140134	0.49323574
14.160134	0.493205
14.180135	0.4931746
14.200135	0.4931438
14.220136	0.49311382
14.240136	0.49308458
14.260137	0.49305415
14.280137	0.4930231
14.3001375	0.49299204
14.320138	0.49296093
14.340138	0.49292973
14.360139	0.49289808
14.380139	0.49286675
14.40014	0.4928367
14.42014	0.4928071
14.440141	0.49277624
14.460141	0.49274516
14.480142	0.4927147
14.500142	0.49268526
14.520143	0.4926566
14.540143	0.4926268
14.560143	0.49259606
14.580144	0.4925655
14.600144	0.4925353
14.620145	0.4925055
14.640145	0.49247608
14.660146	0.49244663
14.680146	0.49241617
14.700147	0.49238527
14.720147	0.49235463
14.740148	0.49232435
14.760148	0.49229497
14.7801485	0.4922669
14.800149	0.49223942
14.820149	0.4922117
14.84015	0.49218315
14.86015	0.49215293
14.880151	0.4921222
14.900151	0.4920916
14.920152	0.49206024
14.940152	0.49202847
14.960153	0.49199802
14.980153	0.49196824
15.000154	0.49193838
15.020154	0.49190903
15.040154	0.49187994
15.060155	0.49185172
15.080155	0.4918241
15.100156	0.4917963
15.120156	0.49176833
15.140157	0.49173975
15.160157	0.49171126
15.180158	0.49168396
15.200158	0.49165666
15.220159	0.49162894
15.240159	0.4916015
15.2601595	0.49157542
15.28016	0.4915508
15.30016	0.491527
15.320161	0.49150306
15.340161	0.49147862
15.360162	0.49145478
15.380162	0.49143153
15.400163	0.4914081
15.420163	0.49138454
15.440164	0.49136114
15.460164	0.49133772
15.480165	0.49131435
15.500165	0.49129045
15.520165	0.49126592
15.540166	0.4912414
15.560166	0.49121705
15.580167	0.49119356
15.600167	0.4911704
15.620168	0.49114674
15.640168	0.49112344
15.660169	0.49110168
15.680169	0.49108106
15.70017	0.49106055
15.72017	0.49104
15.7401705	0.49101883
15.760171	0.4909972
15.780171	0.49097586
15.800172	0.49095547
15.820172	0.4909366
15.840173	0.49091774
15.860173	0.49089772
15.880174	0.49087805
15.900174	0.49085945
15.920175	0.4908405
15.940175	0.49082106
15.9601755	0.49080062
15.980176	0.49077946
16.000175	0.4907591
16.020176	0.49073905
16.040176	0.4907192
16.060177	0.49069983
16.080177	0.4906809
16.100178	0.49066138
16.120178	0.49064052
16.140179	0.49061894
16.16018	0.49059787
16.18018	0.49057692
16.20018	0.49055582
16.22018	0.490535
16.240181	0.49051446
16.260181	0.4904933
16.280182	0.4904713
16.300182	0.49044877
16.320183	0.4904251
16.340183	0.49040115
16.360184	0.4903778
16.380184	0.49035466
16.400185	0.49033234
16.420185	0.4903102
16.440186	0.49028704
16.460186	0.49026412
16.480186	0.4902414
16.500187	0.4902184
16.520187	0.49019605
16.540188	0.49017513
16.560188	0.4901558
16.580189	0.49013764
16.60019	0.49011979
16.62019	0.49010164
16.64019	0.490084
16.66019	0.49006665
16.680191	0.49004862
16.700191	0.49003017
16.720192	0.4900118
16.740192	0.48999405
16.760193	0.4899765
16.780193	0.4899585
16.800194	0.4899398
16.820194	0.48992038
16.840195	0.48990113
16.860195	0.48988172
16.880196	0.48986226
16.900196	0.4898436
16.920197	0.48982477
16.940197	0.4898055
16.960197	0.4897865
16.980198	0.4897675
17.000198	0.48974824
17.020199	0.48972887
17.0402	0.48971063
17.0602	0.48969316
17.0802	0.4896752
17.1002	0.4896578
17.120201	0.48964208
17.140202	0.48962748
17.160202	0.48961288
17.180202	0.48959762
17.200203	0.48958173
17.220203	0.48956546
17.240204	0.4895484
17.260204	0.4895302
17.280205	0.4895114
17.300205	0.48949212
17.320206	0.48947364
17.340206	0.48945653
17.360207	0.48944002
17.380207	0.4894234
17.400208	0.48940793
17.420208	0.489394
17.440208	0.48938006
17.460209	0.4893657
17.48021	0.48935062
17.50021	0.48933467
17.52021	0.48931825
17.54021	0.48930213
17.560211	0.48928684
17.580212	0.48927206
17.600212	0.48925748
17.620213	0.48924273
17.640213	0.48922795
17.660213	0.48921388
17.680214	0.48919985
17.700214	0.48918575
17.720215	0.48917085
17.740215	0.48915452
17.760216	0.48913777
17.780216	0.4891204
17.800217	0.48910284
17.820217	0.48908514
17.840218	0.48906803
17.860218	0.48905212
17.880219	0.48903576
17.900219	0.48901922
17.92022	0.48900366
17.94022	0.48898828
17.96022	0.4889728
17.98022	0.4889576
18.000221	0.4889421
18.020222	0.48892552
18.040222	0.48890787
18.060223	0.48889053
18.080223	0.48887384
18.100224	0.48885733
18.120224	0.48884106
18.140224	0.4888256
18.160225	0.48881137
18.180225	0.48879835
18.200226	0.48878524
18.220226	0.4887718
18.240227	0.48875886
18.260227	0.4887461
18.280228	0.48873353
18.300228	0.48872063
18.320229	0.4887072
18.340229	0.48869407
18.36023	0.4886799
18.38023	0.48866457
18.40023	0.48865032
18.42023	0.4886369
18.440231	0.4886232
18.460232	0.4886094
18.480232	0.48859465
18.500233	0.48857886
18.520233	0.48856336
18.540234	0.4885478
18.560234	0.4885324
18.580235	0.4885176
18.600235	0.48850283
18.620235	0.48848757
18.640236	0.4884721
18.660236	0.4884566
18.680237	0.4884408
18.700237	0.48842505
18.720238	0.48840988
18.740238	0.48839533
18.760239	0.4883812
18.78024	0.4883678
18.80024	0.48835567
18.82024	0.48834443
18.84024	0.4883331
18.86024	0.48832107
18.880241	0.48830774
18.900242	0.48829317
18.920242	0.48827788
18.940243	0.48826227
18.960243	0.48824668
18.980244	0.48823127
19.000244	0.48821527
19.020245	0.48819864
19.040245	0.48818243
19.060246	0.4881672
19.080246	0.4881534
19.100246	0.48814017
19.120247	0.48812664
19.140247	0.48811275
19.160248	0.48809865
19.180248	0.48808438
19.200249	0.48807
19.22025	0.48805565
19.24025	0.4880411
19.26025	0.48802677
19.28025	0.4880124
19.300251	0.4879969
19.320251	0.48798054
19.340252	0.48796383
19.360252	0.4879474
19.380253	0.48793253
19.400253	0.48791933
19.420254	0.48790687
19.440254	0.4878946
19.460255	0.48788258
19.480255	0.48787022
19.500256	0.48785672
19.520256	0.48784253
19.540257	0.48782775
19.560257	0.48781216
19.580257	0.48779675
19.600258	0.48778167
19.620258	0.48776627
19.640259	0.48775098
19.66026	0.48773623
19.68026	0.48772207
19.70026	0.48770785
19.72026	0.48769307
19.740261	0.4876784
19.760262	0.4876638
19.780262	0.48765016
19.800262	0.48763743
19.820263	0.48762432
19.840263	0.48761192
19.860264	0.48759973
19.880264	0.487586
19.900265	0.48757142
19.920265	0.48755673
19.940266	0.48754144
19.960266	0.48752603
19.980267	0.4875105
20.000267	0.48749423
20.020267	0.48747894
20.040268	0.4874642
20.060268	0.48744828
20.080269	0.48743105
20.10027	0.48741248
20.12027	0.48739415
20.14027	0.487377
20.16027	0.48736024
20.180271	0.48734403
20.200272	0.48732805
20.220272	0.48731065
20.240273	0.48729283
20.260273	0.4872758
20.280273	0.48725852
20.300274	0.4872414
20.320274	0.48722535
20.340275	0.48720947
20.360275	0.4871929
20.380276	0.48717695
20.400276	0.48716152
20.420277	0.4871463
20.440277	0.4871315
20.460278	0.48711666
20.480278	0.48710266
20.500278	0.4870892
20.520279	0.48707575
20.54028	0.48706186
20.56028	0.48704702
20.58028	0.4870326
20.60028	0.4870188
20.620281	0.48700517
20.640282	0.48699206
20.660282	0.48697877
20.680283	0.48696488
20.700283	0.486951
20.720284	0.48693737
20.740284	0.4869236
20.760284	0.48691025
20.780285	0.486898
20.800285	0.48688686
20.820286	0.48687652
20.840286	0.4868664
20.860287	0.48685586
20.880287	0.48684454
20.900288	0.48683214
20.920288	0.4868202
20.940289	0.48680985
20.960289	0.4868003
20.98029	0.48679054
21.00029	0.48678055
21.02029	0.4867711
21.04029	0.48676172
21.060291	0.48675293
21.080292	0.48674518
21.100292	0.48673716
21.120293	0.4867285
21.140293	0.4867202
21.160294	0.48671287
21.180294	0.4867063
21.200294	0.4866998
21.220295	0.4866925
21.240295	0.48668486
21.260296	0.4866773
21.280296	0.48666984
21.300297	0.48666233
21.320297	0.48665476
21.340298	0.4866466
21.360298	0.4866385
21.380299	0.48663133
21.4003	0.4866241
21.4203	0.4866168
21.4403	0.4866097
21.4603	0.48660272
21.4803	0.48659563
21.500301	0.48658806
21.520302	0.48658076
21.540302	0.48657364
21.560303	0.4865666
21.580303	0.48655915
21.600304	0.48655048
21.620304	0.48654142
21.640305	0.48653263
21.660305	0.48652372
21.680305	0.48651445
21.700306	0.48650557
21.720306	0.4864973
21.740307	0.4864886
21.760307	0.48647976
21.780308	0.4864716
21.800308	0.48646376
21.820309	0.48645622
21.84031	0.48644876
21.86031	0.4864405
21.88031	0.4864326
21.90031	0.48642504
21.920311	0.4864171
21.940311	0.48640865
21.960312	0.48640043
21.980312	0.4863927
22.000313	0.4863847
22.020313	0.48637658
22.040314	0.48636872
22.060314	0.48636156
22.080315	0.48635483
22.100315	0.48634842
22.120316	0.4863422
22.140316	0.4863357
22.160316	0.48632902
22.180317	0.48632237
22.200317	0.48631546
22.220318	0.48630735
22.240318	0.48629832
22.260319	0.4862889
22.28032	0.48628023
22.30032	0.48627162
22.32032	0.4862622
22.34032	0.48625237
22.360321	0.48624235
22.380322	0.48623353
22.400322	0.48622596
22.420322	0.48621917
22.440323	0.48621318
22.460323	0.4862076
22.480324	0.48620215
22.500324	0.48619723
22.520325	0.48619244
22.540325	0.4861869
22.560326	0.48618132
22.580326	0.4861762
22.600327	0.48617142
22.620327	0.48616758
22.640327	0.48616445
22.660328	0.48616108
22.680328	0.48615724
22.700329	0.4861533
22.72033	0.4861503
22.74033	0.4861474
22.76033	0.48614442
22.78033	0.48614198
22.800331	0.4861395
22.820332	0.48613787
22.840332	0.48613685
22.860332	0.48613632
22.880333	0.48613706
22.900333	0.48613834
22.920334	0.48613966
22.940334	0.4861418
22.960335	0.48614538
22.980335	0.4861501
23.000336	0.4861552
23.020336	0.4861605
23.040337	0.48616582
23.060337	0.486171
23.080338	0.48617607
23.100338	0.48618013
23.120338	0.4861834
23.140339	0.4861865
23.16034	0.48618898
23.18034	0.48619086
23.20034	0.486193
23.22034	0.48619556
23.240341	0.48619723
23.260342	0.48619792
23.280342	0.4861986
23.300343	0.48619998
23.320343	0.48620158
23.340343	0.4862024
23.360344	0.48620307
23.380344	0.48620406
23.400345	0.4862042
23.420345	0.48620385
23.440346	0.48620272
23.460346	0.48619998
23.480347	0.48619583
23.500347	0.48619124
23.520348	0.4861877
23.540348	0.4861844
23.560349	0.48618066
23.580349	0.48617706
23.60035	0.4861732
23.62035	0.48616964
23.64035	0.486167
23.66035	0.4861647
23.680351	0.4861619
23.700352	0.4861586
23.720352	0.48615476
23.740353	0.48615053
23.760353	0.48614725
23.780354	0.48614424
23.800354	0.4861405
23.820354	0.48613507
23.840355	0.4861287
23.860355	0.48612237
23.880356	0.48611572
23.900356	0.48610887
23.920357	0.48610198
23.940357	0.48609427
23.960358	0.48608664
23.980358	0.486081
24.000359	0.48607546
24.020359	0.48607016
24.04036	0.48606604
24.06036	0.48606142
24.08036	0.48605663
24.10036	0.4860531
24.120361	0.48605025
24.140362	0.48604795
24.160362	0.48604673
24.180363	0.4860447
24.200363	0.4860413
24.220364	0.48603734
24.240364	0.4860333
24.260365	0.4860293
24.280365	0.486025
24.300365	0.48602188
24.320366	0.48601997
24.340366	0.48601824
24.360367	0.48601705
24.380367	0.48601604
24.400368	0.48601517
24.420368	0.48601398
24.440369	0.48601222
24.46037	0.48601097
24.48037	0.48600987
24.50037	0.486009
24.52037	0.48600864
24.54037	0.48600826
24.560371	0.4860084
24.580372	0.4860083
24.600372	0.4860075
24.620373	0.48600686
24.640373	0.48600537
24.660374	0.486003
24.680374	0.48600027
24.700375	0.48599696
24.720375	0.48599306
24.740376	0.48598915
24.760376	0.48598474
24.780376	0.48597938
24.800377	0.48597312
24.820377	0.48596627
24.840378	0.48595926
24.860378	0.4859516
24.880379	0.48594335
24.90038	0.48593536
24.92038	0.48592883
24.94038	0.4859236
24.96038	0.48591852
24.980381	0.48591352
25.000381	0.48590904
25.020382	0.48590457
25.040382	0.48589975
25.060383	0.4858961
25.080383	0.4858932
25.100384	0.48589
25.120384	0.48588657
25.140385	0.48588312
25.160385	0.48588097
25.180386	0.48587915
25.200386	0.48587716
25.220387	0.48587635
25.240387	0.4858769
25.260387	0.4858774
25.280388	0.4858779
25.300388	0.48587847
25.320389	0.4858781
25.34039	0.4858777
25.36039	0.48587704
25.38039	0.4858758
25.40039	0.4858744
25.420391	0.48587263
25.440392	0.48586982
25.460392	0.48586628
25.480392	0.48586345
25.500393	0.48586124
25.520393	0.48585874
25.540394	0.48585662
25.560394	0.4858548
25.580395	0.48585284
25.600395	0.4858508
25.620396	0.48584786
25.640396	0.4858434
25.660397	0.48583868
25.680397	0.4858343
25.700397	0.48582935
25.720398	0.4858235
25.740398	0.48581702
25.760399	0.48581022
25.7804	0.48580375
25.8004	0.48579803
25.8204	0.48579252
25.8404	0.48578703
25.860401	0.48578194
25.880402	0.48577744
25.900402	0.4857725
25.920403	0.48576635
25.940403	0.48575944
25.960403	0.48575193
25.980404	0.48574477
26.000404	0.48573777
26.020405	0.48573
26.040405	0.4857215
26.060406	0.48571312
26.080406	0.48570487
26.100407	0.48569643
26.120407	0.4856882
26.140408	0.48568058
26.160408	0.48567495
26.180408	0.48567066
26.200409	0.48566622
26.22041	0.48566175
26.24041	0.48565695
26.26041	0.485653
26.28041	0.48565042
26.300411	0.48564833
26.320412	0.4856466
26.340412	0.4856448
26.360413	0.48564208
26.380413	0.48563874
26.400414	0.48563558
26.420414	0.48563337
26.440414	0.48563236
26.460415	0.485632
26.480415	0.48563087
26.500416	0.48562938
26.520416	0.48562852
26.540417	0.4856271
26.560417	0.48562527
26.580418	0.48562348
26.600418	0.4856223
26.620419	0.4856221
26.640419	0.48562115
26.66042	0.48561954
26.68042	0.4856192
26.70042	0.48561987
26.72042	0.48562145
26.740421	0.48562288
26.760422	0.4856243
26.780422	0.48562694
26.800423	0.4856295
26.820423	0.48563212
26.840424	0.48563528
26.860424	0.4856385
26.880424	0.48564172
26.900425	0.48564488
26.920425	0.48564792
26.940426	0.48565036
26.960426	0.4856513
26.980427	0.48565137
27.000427	0.48565128
27.020428	0.4856514
27.040428	0.48565233
27.060429	0.48565352
27.08043	0.4856551
27.10043	0.485657
27.12043	0.4856583
27.14043	0.4856581
27.16043	0.4856578
27.180431	0.4856579
27.200432	0.48565736
27.220432	0.4856575
27.240433	0.48565853
27.260433	0.48565957
27.280434	0.4856609
27.300434	0.48566252
27.320435	0.48566464
27.340435	0.4856675
27.360435	0.4856713
27.380436	0.48567516
27.400436	0.4856778
27.420437	0.48567957
27.440437	0.48568112
27.460438	0.48568237
27.480438	0.4856825
27.500439	0.48568147
27.52044	0.48568046
27.54044	0.4856798
27.56044	0.48567832
27.58044	0.48567653
27.600441	0.48567536
27.620441	0.48567474
27.640442	0.48567522
27.660442	0.48567605
27.680443	0.4856767
27.700443	0.48567694
27.720444	0.48567754
27.740444	0.48567826
27.760445	0.48567814
27.780445	0.48567736
27.800446	0.48567653
27.820446	0.48567554
27.840446	0.48567435
27.860447	0.48567307
27.880447	0.48567182
27.900448	0.4856703
27.920448	0.4856686
27.940449	0.48566642
27.96045	0.4856642
27.98045	0.48566288
28.00045	0.48566157
28.02045	0.48566082
28.040451	0.4856606
28.060452	0.48565993
28.080452	0.4856589
28.100452	0.48565775
28.120453	0.4856556
28.140453	0.48565292
28.160454	0.48565027
28.180454	0.48564738
28.200455	0.48564485
28.220455	0.48564345
28.240456	0.4856423
28.260456	0.48564187
28.280457	0.4856426
28.300457	0.4856433
28.320457	0.48564458
28.340458	0.4856463
28.360458	0.4856478
28.380459	0.48564982
28.40046	0.4856531
28.42046	0.48565605
28.44046	0.48565844
28.46046	0.48566145
28.480461	0.48566502
28.500462	0.4856685
28.520462	0.4856718
28.540462	0.48567605
28.560463	0.48568112
28.580463	0.48568583
28.600464	0.48569107
28.620464	0.48569667
28.640465	0.4857026
28.660465	0.48570868
28.680466	0.4857139
28.700466	0.48571897
28.720467	0.48572397
28.740467	0.48572865
28.760468	0.48573336
28.780468	0.48573807
28.800468	0.48574117
28.820469	0.48574358
28.84047	0.4857466
28.86047	0.48574975
28.88047	0.48575264
28.90047	0.48575488
28.920471	0.4857561
28.940472	0.48575675
28.960472	0.48575756
28.980473	0.48575807
29.000473	0.4857588
29.020473	0.48575914
29.040474	0.48575872
29.060474	0.4857588
29.080475	0.48575994
29.100475	0.4857618
29.120476	0.48576355
29.140476	0.4857641
29.160477	0.485764
29.180477	0.48576418
29.200478	0.48576388
29.220478	0.48576412
29.240479	0.4857652
29.260479	0.48576632
29.28048	0.4857679
29.30048	0.48576942
29.32048	0.48577023
29.34048	0.48577118
29.360481	0.4857723
29.380482	0.4857732
29.400482	0.48577398
29.420483	0.48577428
29.440483	0.4857745
29.460484	0.48577416
29.480484	0.48577338
29.500484	0.48577237
29.520485	0.4857708
29.540485	0.48576885
29.560486	0.48576665
29.580486	0.48576427
29.600487	0.48576206
29.620487	0.48576033
29.640488	0.48575884
29.660488	0.4857573
29.680489	0.48575586
29.700489	0.4857544
29.72049	0.48575237
29.74049	0.4857486
29.76049	0.48574358
29.78049	0.48573887
29.800491	0.4857344
29.820492	0.48572987
29.840492	0.48572478
29.860493	0.48571914
29.880493	0.4857129
29.900494	0.4857068
29.920494	0.48570076
29.940495	0.4856937
29.960495	0.4856873
29.980495	0.485682
30.000496	0.4856771
30.020496	0.48567212
30.040497	0.48566747
30.060497	0.48566288
30.080498	0.48565754
30.100498	0.48565197
30.120499	0.48564664
30.1405	0.48564157
30.1605	0.4856371
30.1805	0.48563355
30.2005	0.48563004
30.2205	0.48562592
30.240501	0.48562074
30.260502	0.48561504
30.280502	0.48560953
30.300503	0.4856037
30.320503	0.4855981
30.340504	0.4855923
30.360504	0.48558527
30.380505	0.48557723
30.400505	0.48556846
30.420506	0.48555958
30.440506	0.48555112
30.460506	0.4855436
30.480507	0.48553723
30.500507	0.4855312
30.520508	0.4855256
30.540508	0.4855196
30.560509	0.4855131
30.58051	0.48550674
30.60051	0.4855006
30.62051	0.48549455
30.64051	0.48548764
30.660511	0.48548043
30.680511	0.48547333
30.700512	0.485466
30.720512	0.48545778
30.740513	0.48544902
30.760513	0.4854402
30.780514	0.48543134
30.800514	0.48542297
30.820515	0.48541558
30.840515	0.48540872
30.860516	0.4854015
30.880516	0.48539412
30.900517	0.4853856
30.920517	0.48537648
30.940517	0.48536766
30.960518	0.48535818
30.980518	0.4853486
31.000519	0.4853387
31.02052	0.48532826
31.04052	0.4853189
31.06052	0.48531064
31.08052	0.48530275
31.100521	0.48529577
31.120522	0.4852889
31.140522	0.4852815
31.160522	0.4852743
31.180523	0.48526776
31.200523	0.48526192
31.220524	0.48525643
31.240524	0.48525074
31.260525	0.4852447
31.280525	0.4852392
31.300526	0.4852333
31.320526	0.48522687
31.340527	0.48522073
31.360527	0.4852151
31.380527	0.48520973
31.400528	0.4852043
31.420528	0.48519987
31.440529	0.48519582
31.46053	0.48519155
31.48053	0.48518747
31.50053	0.48518306
31.52053	0.4851788
31.540531	0.48517537
31.560532	0.48517302
31.580532	0.48517138
31.600533	0.48516974
31.620533	0.48516795
31.640533	0.48516664
31.660534	0.48516557
31.680534	0.48516387
31.700535	0.48516083
31.720535	0.48515725
31.740536	0.48515362
31.760536	0.48514965
31.780537	0.4851463
31.800537	0.48514402
31.820538	0.48514208
31.840538	0.4851396
31.860538	0.485137
31.880539	0.48513466
31.90054	0.48513395
31.92054	0.4851343
31.94054	0.4851333
31.96054	0.48513138
31.980541	0.4851303
32.00054	0.4851293
32.020542	0.48512816
32.040543	0.48512667
32.060543	0.48512465
32.080544	0.48512244
32.100544	0.4851197
32.120544	0.4851164
32.140545	0.48511243
32.160545	0.48510936
32.180546	0.48510724
32.200546	0.48510456
32.220547	0.48510164
32.240547	0.48509878
32.260548	0.48509735
32.28055	0.48509684
32.30055	0.48509717
32.32055	0.4850989
32.34055	0.4851014
32.36055	0.48510554
32.38055	0.48511118
32.40055	0.48511708
32.42055	0.48512366
32.44055	0.48513085
32.460552	0.48513708
32.480553	0.48514175
32.500553	0.48514652
32.520554	0.48515123
32.540554	0.48515475
32.560555	0.4851585
32.580555	0.4851629
32.600555	0.48516786
32.620556	0.4851728
32.640556	0.48517725
32.660557	0.48518088
32.680557	0.48518372
32.700558	0.48518717
32.72056	0.48519143
32.74056	0.48519516
32.76056	0.4851976
32.78056	0.4851982
32.80056	0.48519725
32.82056	0.4851954
32.84056	0.48519433
32.86056	0.4851944
32.88056	0.48519492
32.900562	0.48519495
32.920563	0.48519376
32.940563	0.48519176
32.960564	0.48519
32.980564	0.48518938
33.000565	0.48518974
33.020565	0.485191
33.040565	0.4851935
33.060566	0.48519593
33.080566	0.48519766
33.100567	0.4852001
33.120567	0.4852034
33.140568	0.4852056
33.16057	0.4852071
33.18057	0.48520905
33.20057	0.48521122
33.22057	0.4852131
33.24057	0.48521495
33.26057	0.4852171
33.28057	0.4852185
33.30057	0.4852189
33.32057	0.4852187
33.340572	0.4852182
33.360573	0.48521864
33.380573	0.4852209
33.400574	0.48522392
33.420574	0.48522612
33.440575	0.48522708
33.460575	0.48522747
33.480576	0.48522815
33.500576	0.48522866
33.520576	0.48523003
33.540577	0.48523262
33.560577	0.48523462
33.580578	0.48523554
33.60058	0.4852363
33.62058	0.48523694
33.64058	0.4852366
33.66058	0.4852353
33.68058	0.4852339
33.70058	0.48523283
33.72058	0.4852322
33.74058	0.48523128
33.760582	0.4852296
33.780582	0.48522705
33.800583	0.48522332
33.820583	0.4852193
33.840584	0.4852154
33.860584	0.48521113
33.880585	0.48520696
33.900585	0.48520213
33.920586	0.48519713
33.940586	0.48519284
33.960587	0.48518956
33.980587	0.48518687
34.000587	0.4851839
34.020588	0.48518133
34.04059	0.48517793
34.06059	0.48517367
34.08059	0.48517016
34.10059	0.48516673
34.12059	0.4851635
34.14059	0.48516077
34.16059	0.48515835
34.18059	0.48515636
34.200592	0.4851545
34.220592	0.4851523
34.240593	0.48514965
34.260593	0.4851467
34.280594	0.4851433
34.300594	0.48513925
34.320595	0.4851349
34.340595	0.4851297
34.360596	0.4851243
34.380596	0.485119
34.400597	0.48511332
34.420597	0.48510724
34.440598	0.4851002
34.460598	0.48509267
34.4806	0.48508486
34.5006	0.48507622
34.5206	0.48506647
34.5406	0.48505628
34.5606	0.48504668
34.5806	0.48503646
34.6006	0.4850241
34.6206	0.48501083
34.640602	0.48499742
34.660603	0.4849842
34.680603	0.484971
34.700603	0.48495644
34.720604	0.48494005
34.740604	0.4849231
34.760605	0.48490727
34.780605	0.48489237
34.800606	0.48487824
34.820606	0.484865
34.840607	0.48485196
34.860607	0.48483902
34.880608	0.48482713
34.900608	0.48481575
34.92061	0.48480308
34.94061	0.48478937
34.96061	0.48477584
34.98061	0.4847625
35.00061	0.48474914
35.02061	0.48473686
35.04061	0.4847262
35.06061	0.4847161
35.080612	0.4847064
35.100613	0.48469722
35.120613	0.4846884
35.140614	0.48467934
35.160614	0.48467058
35.180614	0.48466283
35.200615	0.48465538
35.220615	0.48464763
35.240616	0.48463997
35.260616	0.4846332
35.280617	0.48462737
35.300617	0.48462135
35.320618	0.48461497
35.34062	0.48460886
35.36062	0.48460317
35.38062	0.48459783
35.40062	0.48459283
35.42062	0.48458818
35.44062	0.4845835
35.46062	0.48457822
35.48062	0.48457173
35.50062	0.4845651
35.520622	0.48455912
35.540623	0.48455334
35.560623	0.48454785
35.580624	0.48454285
35.600624	0.48453856
35.620625	0.4845342
35.640625	0.48452914
35.660625	0.48452458
35.680626	0.48452097
35.700626	0.4845177
35.720627	0.48451427
35.740627	0.48451048
35.760628	0.4845064
35.78063	0.4845015
35.80063	0.48449677
35.82063	0.48449308
35.84063	0.48448962
35.86063	0.484487
35.88063	0.48448586
35.90063	0.4844852
35.92063	0.4844853
35.94063	0.4844852
35.960632	0.48448431
35.980633	0.48448384
36.000633	0.48448387
36.020634	0.4844832
36.040634	0.48448056
36.060635	0.4844765
36.080635	0.48447242
36.100636	0.48446846
36.120636	0.48446488
36.140636	0.4844614
36.160637	0.48445722
36.180637	0.4844526
36.200638	0.48444837
36.22064	0.48444325
36.24064	0.48443794
36.26064	0.4844334
36.28064	0.48442912
36.30064	0.48442483
36.32064	0.48442012
36.34064	0.4844166
36.36064	0.4844145
36.380642	0.48441195
36.400642	0.48440787
36.420643	0.48440227
36.440643	0.48439646
36.460644	0.48439187
36.480644	0.4843884
36.500645	0.48438498
36.520645	0.48438162
36.540646	0.4843791
36.560646	0.48437724
36.580647	0.48437554
36.600647	0.48437354
36.620647	0.48437178
36.640648	0.4843697
36.66065	0.48436686
36.68065	0.4843643
36.70065	0.48436242
36.72065	0.4843607
36.74065	0.48435873
36.76065	0.4843562
36.78065	0.48435318
36.80065	0.48434937
36.820652	0.48434484
36.840652	0.48433983
36.860653	0.48433393
36.880653	0.4843285
36.900654	0.48432335
36.920654	0.48431745
36.940655	0.4843114
36.960655	0.48430616
36.980656	0.4843014
37.000656	0.48429674
37.020657	0.48429245
37.040657	0.48428774
37.060658	0.48428273
37.080658	0.48427814
37.10066	0.48427343
37.12066	0.4842686
37.14066	0.4842643
37.16066	0.4842605
37.18066	0.48425722
37.20066	0.484254
37.22066	0.4842499
37.24066	0.48424613
37.260662	0.48424274
37.280663	0.48424003
37.300663	0.48423725
37.320663	0.48423308
37.340664	0.48422813
37.360664	0.484223
37.380665	0.48421806
37.400665	0.48421377
37.420666	0.4842097
37.440666	0.4842057
37.460667	0.48420227
37.480667	0.48419863
37.500668	0.48419458
37.520668	0.4841902
37.54067	0.48418602
37.56067	0.48418248
37.58067	0.48417893
37.60067	0.48417562
37.62067	0.4841721
37.64067	0.48416904
37.66067	0.4841655
37.68067	0.48416126
37.700672	0.4841572
37.720673	0.4841528
37.740673	0.48414814
37.760674	0.4841425
37.780674	0.48413527
37.800674	0.48412758
37.820675	0.48412088
37.840675	0.48411512
37.860676	0.48410878
37.880676	0.48410195
37.900677	0.48409554
37.920677	0.48408854
37.940678	0.4840817
37.96068	0.48407567
37.98068	0.48407066
38.00068	0.48406726
38.02068	0.48406363
38.04068	0.48405915
38.06068	0.48405468
38.08068	0.48405027
38.10068	0.48404557
38.12068	0.48404038
38.140682	0.4840352
38.160683	0.48403013
38.180683	0.484025
38.200684	0.4840205
38.220684	0.48401737
38.240685	0.48401386
38.260685	0.48400906
38.280685	0.4840033
38.300686	0.48399693
38.320686	0.48399058
38.340687	0.48398364
38.360687	0.48397613
38.380688	0.48396814
38.40069	0.48395994
38.42069	0.48395205
38.44069	0.48394364
38.46069	0.48393434
38.48069	0.48392364
38.50069	0.48391187
38.52069	0.48390046
38.54069	0.48388988
38.56069	0.48388106
38.580692	0.48387405
38.600693	0.48386824
38.620693	0.48386338
38.640694	0.48386037
38.660694	0.4838578
38.680695	0.4838547
38.700695	0.4838518
38.720695	0.48384917
38.740696	0.48384607
38.760696	0.4838425
38.780697	0.4838388
38.800697	0.4838346
38.820698	0.48382998
38.8407	0.48382556
38.8607	0.48382223
38.8807	0.48381913
38.9007	0.48381597
38.9207	0.4838134
38.9407	0.4838119
38.9607	0.48381102
38.9807	0.48381037
39.0007	0.4838103
39.020702	0.48381138
39.040703	0.48381305
39.060703	0.48381487
39.080704	0.48381636
39.100704	0.48381683
39.120705	0.48381713
39.140705	0.4838163
39.160706	0.48381385
39.180706	0.48381042
39.200706	0.4838069
39.220707	0.4838046
39.240707	0.4838025
39.260708	0.48380047
39.28071	0.48379892
39.30071	0.4837969
39.32071	0.48379463
39.34071	0.48379275
39.36071	0.4837911
39.38071	0.48379058
39.40071	0.48379108
39.42071	0.48379207
39.440712	0.48379245
39.460712	0.4837919
39.480713	0.48379183
39.500713	0.4837919
39.520714	0.483791
39.540714	0.48378998
39.560715	0.48378953
39.580715	0.48378912
39.600716	0.48378837
39.620716	0.4837875
39.640717	0.48378664
39.660717	0.48378593
39.680717	0.48378587
39.700718	0.48378572
39.72072	0.48378655
39.74072	0.48378813
39.76072	0.48378974
39.78072	0.48379117
39.80072	0.48379138
39.82072	0.4837909
39.84072	0.48379087
39.86072	0.483791
39.880722	0.4837904
39.900723	0.48378938
39.920723	0.4837885
39.940723	0.4837877
39.960724	0.4837873
39.980724	0.4837872
40.000725	0.48378697
40.020725	0.4837866
40.040726	0.48378557
40.060726	0.4837839
40.080727	0.48378277
40.100727	0.48378238
40.120728	0.4837817
40.140728	0.4837799
40.16073	0.48377737
40.18073	0.48377448
40.20073	0.48377088
40.22073	0.48376614
40.24073	0.48376006
40.26073	0.48375404
40.28073	0.48374894
40.30073	0.4837434
40.320732	0.4837381
40.340733	0.48373327
40.360733	0.48372945
40.380733	0.4837274
40.400734	0.48372614
40.420734	0.48372418
40.440735	0.4837215
40.460735	0.48371997
40.480736	0.4837201
40.500736	0.4837211
40.520737	0.4837223
40.540737	0.48372412
40.560738	0.4837265
40.580738	0.4837281
40.60074	0.48372883
40.62074	0.4837286
40.64074	0.4837284
40.66074	0.48372903
40.68074	0.4837288
40.70074	0.4837274
40.72074	0.4837259
40.74074	0.48372495
40.760742	0.4837249
40.780743	0.48372498
40.800743	0.48372567
40.820744	0.48372775
40.840744	0.4837305
40.860744	0.48373348
40.880745	0.48373583
40.900745	0.48373768
40.920746	0.4837395
40.940746	0.48374113
40.960747	0.48374265
40.980747	0.4837447
41.000748	0.48374683
41.02075	0.48374835
41.04075	0.48375005
41.06075	0.4837522
41.08075	0.48375475
41.10075	0.48375747
41.12075	0.4837598
41.14075	0.48376167
41.16075	0.48376328
41.18075	0.4837643
41.200752	0.48376495
41.220753	0.48376593
41.240753	0.48376727
41.260754	0.48376867
41.280754	0.4837701
41.300755	0.48377147
41.320755	0.48377272
41.340755	0.48377407
41.360756	0.4837755
41.380756	0.4837764
41.400757	0.48377693
41.420757	0.48377773
41.440758	0.48377842
41.46076	0.48377883
41.48076	0.48377955
41.50076	0.48378035
41.52076	0.4837817
41.54076	0.4837829
41.56076	0.48378384
41.58076	0.48378646
41.60076	0.48379022
41.62076	0.4837942
41.640762	0.48379785
41.660763	0.48380134
41.680763	0.48380515
41.700764	0.48380893
41.720764	0.4838128
41.740765	0.48381722
41.760765	0.48382133
41.780766	0.4838248
41.800766	0.483829
41.820766	0.48383433
41.840767	0.4838397
41.860767	0.48384556
41.880768	0.48385096
41.90077	0.48385578
41.92077	0.4838609
41.94077	0.4838655
41.96077	0.4838696
41.98077	0.48387313
42.00077	0.48387563
42.02077	0.4838772
42.04077	0.48387814
42.060772	0.48387933
42.080772	0.48387983
42.100773	0.48387903
42.120773	0.48387867
42.140774	0.48387924
42.160774	0.48387986
42.180775	0.48388082
42.200775	0.4838824
42.220776	0.48388427
42.240776	0.48388588
42.260777	0.48388684
42.280777	0.48388687
42.300777	0.48388618
42.320778	0.48388517
42.34078	0.48388442
42.36078	0.48388404
42.38078	0.48388338
42.40078	0.483882
42.42078	0.48388028
42.44078	0.48387828
42.46078	0.48387608
42.48078	0.48387364
42.500782	0.48387077
42.520782	0.48386753
42.540783	0.48386467
42.560783	0.48386186
42.580784	0.48385915
42.600784	0.48385707
42.620785	0.483854
42.640785	0.4838491
42.660786	0.4838439
42.680786	0.48383838
42.700787	0.48383266
42.720787	0.4838283
42.740788	0.48382485
42.760788	0.4838221
42.78079	0.48381862
42.80079	0.48381427
42.82079	0.48381022
42.84079	0.48380697
42.86079	0.48380372
42.88079	0.48380023
42.90079	0.4837973
42.92079	0.483795
42.940792	0.48379242
42.960793	0.48378944
42.980793	0.48378703
43.000793	0.48378593
43.020794	0.48378587
43.040794	0.4837857
43.060795	0.48378503
43.080795	0.483784
43.100796	0.48378205
43.120796	0.48377973
43.140797	0.48377633
43.160797	0.48377216
43.180798	0.48376834
43.200798	0.4837642
43.2208	0.48376024
43.2408	0.4837566
43.2608	0.48375332
43.2808	0.48375
43.3008	0.48374674
43.3208	0.483744
43.3408	0.48374122
43.3608	0.48373908
43.380802	0.48373795
43.400803	0.48373783
43.420803	0.48373842
43.440804	0.48373926
43.460804	0.48374012
43.480804	0.48374122
43.500805	0.48374218
43.520805	0.4837432
43.540806	0.48374432
43.560806	0.4837448
43.580807	0.4837453
43.600807	0.48374605
43.620808	0.48374623
43.64081	0.48374593
43.66081	0.48374516
43.68081	0.48374444
43.70081	0.4837449
43.72081	0.48374605
43.74081	0.48374727
43.76081	0.48374885
43.78081	0.48375052
43.80081	0.4837518
43.820812	0.4837529
43.840813	0.48375392
43.860813	0.4837543
43.880814	0.48375553
43.900814	0.4837573
43.920815	0.48375836
43.940815	0.48375988
43.960815	0.48376197
43.980816	0.48376375
44.000816	0.48376542
44.020817	0.48376796
44.040817	0.4837712
44.060818	0.48377413
44.08082	0.48377702
44.10082	0.48378047
44.12082	0.48378405
44.14082	0.48378727
44.16082	0.48379087
44.18082	0.4837945
44.20082	0.48379737
44.22082	0.4837994
44.24082	0.4838012
44.260822	0.4838029
44.280823	0.48380417
44.300823	0.483805
44.320824	0.48380566
44.340824	0.4838062
44.360825	0.48380685
44.380825	0.4838074
44.400826	0.4838079
44.420826	0.48380852
44.440826	0.48380947
44.460827	0.48381191
44.480827	0.48381633
44.500828	0.4838215
44.52083	0.48382652
44.54083	0.48383173
44.56083	0.4838379
44.58083	0.48384404
44.60083	0.48385036
44.62083	0.48385763
44.64083	0.48386592
44.66083	0.48387396
44.680832	0.48388183
44.700832	0.48388988
44.720833	0.483898
44.740833	0.4839065
44.760834	0.48391536
44.780834	0.48392427
44.800835	0.48393282
44.820835	0.48394066
44.840836	0.4839478
44.860836	0.48395434
44.880836	0.4839601
44.900837	0.4839655
44.920837	0.48397052
44.940838	0.48397574
44.96084	0.48398054
44.98084	0.48398414
45.00084	0.48398715
45.02084	0.4839884
45.04084	0.483988
45.06084	0.48398697
45.08084	0.4839855
45.10084	0.4839844
45.120842	0.48398346
45.140842	0.48398167
45.160843	0.48397914
45.180843	0.4839763
45.200844	0.48397425
45.220844	0.48397237
45.240845	0.48396903
45.260845	0.48396492
45.280846	0.48396188
45.300846	0.48395932
45.320847	0.48395628
45.340847	0.48395345
45.360847	0.48395
45.380848	0.48394603
45.40085	0.48394215
45.42085	0.48393816
45.44085	0.48393416
45.46085	0.48393014
45.48085	0.48392588
45.50085	0.48392144
45.52085	0.4839174
45.54085	0.48391408
45.560852	0.48391148
45.580853	0.48390996
45.600853	0.4839098
45.620853	0.48391086
45.640854	0.48391283
45.660854	0.48391533
45.680855	0.48391765
45.700855	0.48392045
45.720856	0.48392412
45.740856	0.4839279
45.760857	0.48393148
45.780857	0.48393416
45.800858	0.48393652
45.820858	0.48393935
45.84086	0.48394156
45.86086	0.48394325
45.88086	0.48394507
45.90086	0.48394656
45.92086	0.4839484
45.94086	0.4839508
45.96086	0.48395255
45.98086	0.48395362
46.000862	0.48395386
46.020863	0.48395383
46.040863	0.48395383
46.060863	0.48395246
46.080864	0.48395124
46.100864	0.4839513
46.120865	0.4839514
46.140865	0.4839509
46.160866	0.48395056
46.180866	0.483951
46.200867	0.48395222
46.220867	0.48395342
46.240868	0.4839536
46.260868	0.48395413
46.28087	0.4839544
46.30087	0.48395336
46.32087	0.48395184
46.34087	0.48395035
46.36087	0.48394907
46.38087	0.48394755
46.40087	0.48394513
46.42087	0.48394272
46.440872	0.48394117
46.460873	0.48394036
46.480873	0.48394036
46.500874	0.48394012
46.520874	0.4839397
46.540874	0.4839393
46.560875	0.48393768
46.580875	0.48393464
46.600876	0.48393127
46.620876	0.48392767
46.640877	0.48392412
46.660877	0.48392135
46.680878	0.48392013
46.70088	0.48392075
46.72088	0.48392153
46.74088	0.48392218
46.76088	0.48392296
46.78088	0.48392412
46.80088	0.48392588
46.82088	0.48392773
46.84088	0.48392949
46.86088	0.4839313
46.880882	0.48393273
46.900883	0.48393354
46.920883	0.48393407
46.940884	0.4839345
46.960884	0.483936
46.980885	0.48393816
47.000885	0.4839409
47.020885	0.4839445
47.040886	0.48394805
47.060886	0.48395145
47.080887	0.4839548
47.100887	0.48395818
47.120888	0.48396128
47.14089	0.48396346
47.16089	0.48396522
47.18089	0.48396784
47.20089	0.48397082
47.22089	0.48397288
47.24089	0.4839747
47.26089	0.4839763
47.28089	0.48397806
47.30089	0.4839798
47.320892	0.4839822
47.340893	0.48398542
47.360893	0.48398826
47.380894	0.48399007
47.400894	0.4839904
47.420895	0.48398942
47.440895	0.48398864
47.460896	0.4839887
47.480896	0.4839897
47.500896	0.48399127
47.520897	0.4839925
47.540897	0.4839941
47.560898	0.48399562
47.5809	0.48399556
47.6009	0.4839952
47.6209	0.48399612
47.6409	0.48399734
47.6609	0.4839974
47.6809	0.4839962
47.7009	0.48399463
47.7209	0.48399383
47.740902	0.48399436
47.760902	0.48399502
47.780903	0.48399514
47.800903	0.48399544
47.820904	0.48399654
47.840904	0.48399895
47.860905	0.4840024
47.880905	0.48400617
47.900906	0.48400974
47.920906	0.48401332
47.940907	0.48401767
47.960907	0.48402297
47.980907	0.48402873
48.000908	0.48403388
48.02091	0.48403883
48.04091	0.48404354
48.06091	0.48404825
48.08091	0.48405284
48.10091	0.484057
48.12091	0.48406118
48.14091	0.4840657
48.16091	0.48407054
48.180912	0.4840746
48.200912	0.48407763
48.220913	0.48407948
48.240913	0.48407984
48.260914	0.48407954
48.280914	0.48407954
48.300915	0.4840808
48.320915	0.48408324
48.340916	0.484086
48.360916	0.48408893
48.380917	0.48409164
48.400917	0.48409456
48.420918	0.48409727
48.440918	0.48409843
48.46092	0.4840992
48.48092	0.48410124
48.50092	0.4841049
48.52092	0.4841091
48.54092	0.4841135
48.56092	0.48411798
48.58092	0.4841221
48.60092	0.48412645
48.620922	0.48413128
48.640923	0.4841365
48.660923	0.48414227
48.680923	0.48414892
48.700924	0.48415613
48.720924	0.48416275
48.740925	0.48416847
48.760925	0.48417372
48.780926	0.4841779
48.800926	0.48418063
48.820927	0.4841835
48.840927	0.4841867
48.860928	0.48418966
48.880928	0.48419225
48.90093	0.48419487
48.92093	0.4841983
48.94093	0.48420227
48.96093	0.48420662
48.98093	0.48421067
49.00093	0.48421448
49.02093	0.484218
49.04093	0.48422045
49.060932	0.4842223
49.080933	0.484224
49.100933	0.48422572
49.120934	0.48422736
49.140934	0.48422918
49.160934	0.4842314
49.180935	0.48423368
49.200935	0.484236
49.220936	0.48423773
49.240936	0.48423907
49.260937	0.48424104
49.280937	0.48424333
49.300938	0.48424482
49.32094	0.48424625
49.34094	0.4842488
49.36094	0.4842523
49.38094	0.4842559
49.40094	0.48425883
49.42094	0.4842612
49.44094	0.48426333
49.46094	0.484265
49.48094	0.48426616
49.500942	0.4842676
49.520943	0.48426926
49.540943	0.48427078
49.560944	0.48427165
49.580944	0.48427182
49.600945	0.48427206
49.620945	0.48427263
49.640945	0.48427373
49.660946	0.48427615
49.680946	0.4842801
49.700947	0.48428482
49.720947	0.48428905
49.740948	0.4842926
49.76095	0.4842956
49.78095	0.48429853
49.80095	0.48430243
49.82095	0.48430708
49.84095	0.4843114
49.86095	0.48431593
49.88095	0.48432177
49.90095	0.48432827
49.92095	0.48433453
49.940952	0.4843399
49.960953	0.48434454
49.980953	0.48434868
50.0	0.4843525
